-432.63,239.99499186635018
-432.63000000000005,235.00181723713874
-432.63,229.9993263284149
-432.63,225.00672368774627
-432.63,220.0087087461166
-432.63,215.00672466268384
-432.62999999999994,209.99047248001008
-432.63,204.99181366339326
-432.63,199.99203757929752
-432.63,195.00901014326212
-432.63,190.00987547600613
-432.63,184.99432149337605
-432.63,179.9999701206931
-432.63,175.0042159048631
-432.63,170.00752389145123
-432.63,164.99777325234234
-432.63,159.9936935915053
-432.63,154.99493188067106
-432.63,149.99951796341844
-432.63,145.0036721979605
-432.63,139.99613810982788
-432.63,135.00568266725895
-432.941167794466,130.31
-437.938716455698,130.31
-442.9411585147679,130.31
-447.94480436682704,130.31
-452.44,129.81638331413268
-452.44,124.80210725665091
-452.44,119.81517273321748
-452.44,114.80966726079583
-449.05704846384003,113.2
-444.05313472042553,113.20000000000002
-439.0480572148249,113.20000000000002
-434.05468634605404,113.2
-432.63,109.61804360533134
-432.63,104.61115546226503
-432.63,99.62263846471906
-432.58728969573974,94.61368918418884
-432.2316847133636,89.63674785375595
-431.46140563964843,84.70260238647461
-430.20284164428705,79.8552770614624
-428.398303489685,75.20417212486267
-425.9893286037444,70.81976844549179
-422.9807162094116,66.8364696407318
-419.4056904125214,63.3384152507782
-415.3491221237182,60.417741203308104
-410.9206707763671,58.13599792480469
-406.2053647899627,56.478785429000844
-401.3243666148186,55.40842779874801
-396.35048873901366,54.85313888549804
-391.3480497741699,54.741962890625
-386.3639422607422,55.09753906249999
-381.42661743164064,55.897815551757816
-376.5533947753906,56.93159484863281
-376.06319409957155,61.02628194678575
-376.8508837942965,65.9542480796203
-377.6398549058847,70.890231048204
-379.31551147460937,74.55282897949219
-384.2515179443359,73.85105712890625
-389.24551742553706,73.59123596191407
-394.2406243133545,73.95001205444336
-399.0215874481201,75.3578953552246
-403.185876159668,78.09133728027344
-406.25501663208,82.00072944641113
-408.196950263977,86.60052003860473
-409.21047657012934,91.49004991531372
-409.54577713012696,96.48144416809083
-409.55,101.47221867395565
-409.55,106.47473544758978
-409.55000000000007,111.48236885070801
-406.27681634925074,113.19999999999999
-401.2787187175453,113.20000000000002
-396.26843094324926,113.20000000000002
-391.2710780747794,113.20000000000002
-386.28251764522867,113.2
-383.18,115.09644321084022
-383.17999999999995,120.10997300371528
-383.18,125.10674763279036
-383.18000000000006,130.1059270976484
-387.970696389263,130.31
-392.98047453410226,130.31
-397.9837339960039,130.31
-402.98073143468935,130.31
-407.97940749168396,130.31
-409.55000000000007,133.74346603460378
-409.55,138.73505542054772
-409.55,143.73269839021174
-409.55,148.73147046676604
-409.55,153.74032711519249
-409.55,158.73624674797844
-409.54999999999995,163.74198703380534
-409.55,168.73201639843046
-409.54999999999995,173.74115405579795
-409.55000000000007,178.74092762947083
-409.55,183.72911926477678
-409.54999999999995,188.72785077591396
-409.55,193.7398894525955
-409.55,198.72627566725802
-409.55,203.74135364721093
-409.55,208.73238025747702
-409.54999999999995,213.7265119843185
-409.54999999999995,218.73687636416167
-409.55,223.72630240205763
-409.55,228.72560601945733
-409.55,233.72858060857834
-409.55,238.73019641684368
-413.28385225795216,240
-418.2755583810806,240
-423.2757525061816,240
-428.28882853984834,240
#
-334.4342058849335,240
-339.42596583406674,240
-344.4233171324432,240
-349.4280212997389,240
-354.4299388080649,240
-357.52000000000004,238.08585367150573
-357.52,233.0845405128013
-357.52,228.0934450072118
-357.52,223.08853431943135
-357.52,218.0850838848637
-357.52,213.09943878839888
-357.5199999999999,208.09160801692082
-357.52,203.08818547583815
-357.52,198.08835786320176
-357.52,193.08512678276844
-357.52,188.08772048766596
-357.52,183.09735921567102
-357.52,178.0929370449977
-357.52,173.09590011920548
-357.52000000000004,168.09304134922223
-357.52,163.08468605867077
-357.52,158.08624300930882
-357.52,153.09556901431282
-357.52,148.09289958344098
-357.52,143.09156793352187
-357.52000000000004,138.08826904093914
-357.52,133.09668560316177
-357.52,128.09805630829305
-357.52,123.09172903240727
-357.52000000000004,118.09484012486845
-357.52,113.09459077909327
-357.52,108.0824132879361
-357.52,103.08471696363762
-357.52,98.08809262925075
-357.52,93.08925234103575
-357.52,88.0978018037253
-357.52,83.09120643860427
-357.52,78.0938168687357
-357.52,73.09339080616832
-357.52,68.09506153732855
-357.52,63.09106843132031
-357.52,58.087385923117395
-353.4185772798769,57.19
-348.42736565118656,57.19
-343.4233132827282,57.19
-338.4256106857397,57.19
-334.43,58.19571135613835
-334.43,63.19438842883886
-334.43,68.19688542498338
-334.43,73.19303575401467
-334.43,78.20522176723665
-334.43,83.20019015083733
-334.43000000000006,88.20122457146644
-334.43,93.19825649593258
-334.43,98.2018993640476
-334.43,103.20265440257499
-334.43,108.20389724925673
-334.43,113.20353871897163
-334.43,118.20601924443355
-334.43,123.20475408348557
-334.43,128.19620927629148
-334.43,133.1958202459893
-334.43,138.20474328469248
-334.43,143.20854024820295
-334.43,148.19331902031553
-334.42999999999995,153.19587883368453
-334.42999999999995,158.20283009676572
-334.43,163.20051435348722
-334.43,168.20778220489183
-334.42999999999995,173.19302966928754
-334.43,178.20447251310037
-334.43,183.20673305594732
-334.43,188.19453089845996
-334.43,193.2037451655435
-334.43000000000006,198.20295434680344
-334.43,203.198111139015
-334.43000000000006,208.2091498311862
-334.43,213.19756577454103
-334.43,218.19836305237277
-334.43,223.21086050336947
-334.43,228.19881711714046
-334.43,233.19475481952395
-334.43,238.20540768242645
#
-220.99114245414737,239.9943948507309
-221.93989303588864,235.09331199646
-222.7662626647949,230.15366477966307
-223.34181930541988,225.19596412658694
-224.04766923904418,221.68542369127275
-227.18549102783203,225.56675586700442
-230.68925971984865,229.1277694416046
-234.5243915557861,232.35365262031556
-238.6170142364502,235.21837040901184
-242.94528211593627,237.71982270240784
-247.51436399459837,239.7399967288971
-252.29251190185545,241.21894546508787
-257.19522949218754,242.12217041015626
-262.19725273132326,242.4571612930298
-267.18679031372073,242.32305948257448
-272.16118408203124,241.80629058837889
-277.0601251220703,240.83442970275877
-281.82491260528565,239.3236429452896
-286.348295173645,237.20028646945954
-290.49749530792235,234.42563814640044
-294.1457421875,231.02375
-297.22772807121277,227.07971923828123
-299.65211471557615,222.71824218749998
-301.41436279296875,218.0403125
-302.5496891784668,213.17636718749998
-303.13371966362,208.21719970703123
-303.2447229099273,203.21711204528805
-302.8054750061035,198.23682983398436
-301.69503116607666,193.36950775146485
-299.8503751468658,188.72005088806154
-297.287257502079,184.43967626571657
-294.0785810947418,180.613341293335
-290.34475296258927,177.28268255233766
-286.2330695533753,174.4472293519974
-281.8448569488525,172.0722751045227
-277.2342722320557,170.13177370071412
-272.4758007240295,168.60096985340118
-267.61182413101193,167.43837154865264
-262.68291015625,166.60426269531249
-257.7051293373108,166.05882690906526
-252.72409254550934,165.76945240139958
-247.7276454311609,165.7
-242.72227598805912,165.7
-237.72250499248503,165.69999999999996
-232.73091549389065,165.7
-227.72551998374053,165.7
-223.57,164.8577433976531
-223.56999999999996,159.85220604281872
-223.57,154.85120019674304
-223.72984840393065,149.85592780113222
-224.6707873535156,144.9533348083496
-226.60403930664063,140.35683944702149
-229.55902015686036,136.3473298549652
-233.39216262817382,133.1336741256714
-237.84616931915284,130.9048824596405
-242.66477493286132,129.60133159637454
-247.63542434692383,129.0617454147339
-252.638046875,129.13252197265626
-257.5762255859375,129.8709474182129
-262.30798217773435,131.42691532135012
-266.6466879272461,133.90702744483949
-270.3525065517426,137.24427395820618
-273.128505859375,141.391298828125
-274.52216552734376,146.16372314453128
-277.46256582782604,148.36
-282.4614958556742,148.36
-287.46480805388654,148.36
-292.46351219438947,148.36
-296.93135338783264,147.6329905128479
-296.69738161325455,142.64758471012115
-295.4886121964455,137.80642191410064
-293.3891509270668,133.2700401163101
-290.5835908532142,129.14254118442534
-287.25084364175797,125.42178324222564
-283.5361642456055,122.07251403808594
-279.5075932121277,119.12763942718506
-275.1662151336669,116.63052352905274
-270.596083407402,114.61314871788024
-265.84902274608606,113.06225127220154
-260.96590590953826,111.94978468894959
-256.0306881713867,111.24695251464843
-251.03399381637576,110.90625606536865
-246.02791051149367,110.89104585647583
-241.0563817214966,111.19116973876952
-236.08876296997067,111.85154418945311
-231.20088401079175,112.91588060379027
-226.4451348876953,114.42480957031249
-221.87067013740537,116.41476509094237
-217.52302600860594,118.91748809814453
-213.52039753198622,121.89496660232543
-209.92505428552624,125.36885637283325
-206.87247854471204,129.32348360061644
-204.43491764068602,133.67108673095706
-202.61582131385802,138.33362312316893
-201.39621912240978,143.17622804641724
-200.70820878028866,148.12869453430176
-200.48061356544494,153.11840156555178
-200.48,158.1143769238959
-200.48,163.12416730513942
-200.48,168.1201281729722
-200.48,173.11581182620867
-200.48,178.12136717259563
-200.48,183.12022449942305
-200.47999999999996,188.11634323494508
-200.48,193.11910511212628
-200.48,198.12983301955973
-200.47999999999996,203.12788000985017
-200.48,208.11796087749534
-200.48,213.1181077070534
-200.42803552627564,218.1205783176422
-200.18211334228513,223.1218653869629
-199.72059303283692,228.0988540649414
-198.95112457275388,233.02417602539063
-197.8113916015625,237.89947265625
-200.010699913993,240
-205.00620691814692,240
-210.0176641337224,240
-215.01748582372443,240
-220.0130516414158,240
-255.28549933433533,222.95844920158385
-250.34311386108396,222.24176681518554
-245.527712392807,220.93765719413756
-240.9031736540794,219.039204852581
-236.54292907714841,216.57910461425783
-232.4933538818359,213.6613555908203
-228.8344921016693,210.26514935493466
-225.76358825683593,206.3201837158203
-223.57,201.85084838867186
-223.57,196.839371172376
-223.57000000000002,191.8416209602356
-223.57,186.84290648330003
-223.57,181.84153518915176
-228.00764567577744,181.28999999999996
-233.01209457805842,181.29000000000002
-238.01563521861564,181.29000000000002
-243.00114686757325,181.29
-248.00329495191573,181.29
-253.01024487495422,181.40948625326155
-257.97215408325195,182.03790828704834
-262.7978155517578,183.30333724975583
-267.36680130004885,185.306403465271
-271.51022541046143,188.0885195827484
-275.1062734985352,191.57250335693357
-277.92510597229005,195.67536949157716
-279.67051307678224,200.35283836364746
-280.16577324867245,205.31522369384766
-279.54017887115475,210.25479125976562
-277.6293203830719,214.86339019775392
-274.3948413085938,218.6513549804687
-270.13916586875916,221.24611483573915
-265.35208540916443,222.63339198112487
-260.38439388275145,223.11629009246826
#
-172.0099998009205,178.94253191471097
-171.91794563293456,173.95316314697266
-171.6286719512939,168.95186920166014
-171.1253575325012,163.99089881896973
-170.381609210968,159.03389625549318
-169.38385772705078,154.15263305664064
-168.09955596923828,149.31620727539064
-166.51032173156736,144.5707827758789
-164.60225130081176,139.95855445861818
-162.3496355485916,135.48736993789674
-159.7547216844559,131.21498376846316
-156.8100771546364,127.17681732833387
-153.48973331451415,123.44708834648134
-149.7704914188385,120.09113077878953
-145.69995666503905,117.21175704956056
-141.30066254615784,114.85213284254074
-136.62424706459046,113.04421667814255
-131.7990101623535,111.80592571258545
-126.84936294555663,111.09238658905029
-121.84497826576232,110.86011175870895
-116.85785110473633,111.06830902099611
-111.90887192964553,111.75527017116546
-107.0707405090332,112.97801849365234
-102.40678527832031,114.78294311523437
-98.00968994140625,117.17412841796876
-93.95358277320861,120.08705103874206
-90.28640625,123.47546874999999
-87.03767459869385,127.27718975067138
-84.95662141680718,127.76887972235679
-84.11865471718833,122.83948842531069
-83.28147266713903,117.9147128782235
-82.26054112195969,113.20000000000002
-77.25651596069336,113.2
-72.25766185998917,113.2
-67.26402930349111,113.19999999999999
-64.08,115.02687591586728
-64.08,120.00987776431722
-64.08,125.02332013559062
-64.08,130.01592491809168
-64.08,135.00934624579094
-64.08,140.02532897139935
-64.08,145.0242180632933
-64.08,150.01411188562378
-64.08,155.0144711627883
-64.08,160.0200969824011
-64.08,165.0131713792536
-64.08,170.0167939388343
-64.08,175.0125515959491
-64.08,180.01893732010734
-64.08,185.00848460069682
-64.08,190.01099400723723
-64.08,195.01845595916797
-64.08,200.01861671820683
-64.08000000000001,205.0146017519757
-64.08,210.01861758935155
-64.08,215.01353105690504
-64.08,220.01998571214534
-64.08,225.01809104135936
-64.08,230.02141142977342
-64.08,235.01550113891716
-64.08,240.01401520967482
-64.19570703983307,245.0122200489044
-64.64553949832917,249.9862404346466
-65.48212928771972,254.91340408325192
-66.75791223526001,259.7518510818481
-68.5200264930725,264.4401420974731
-70.79178926944734,268.8882370471954
-73.57651710510254,273.02206253051753
-76.86955805301666,276.79771504402163
-80.58178380966187,280.12593510627744
-84.68528092861176,283.0017094159126
-89.0767921590805,285.3869205975532
-93.68536621093749,287.30112548828123
-98.45030873775482,288.78038707017896
-103.32910522460938,289.8690167236328
-108.28103501796723,290.60945615053174
-113.26717132568359,291.04227737426754
-118.25038121700287,291.20618273973463
-123.26556953430176,291.0872511291504
-128.24157234191895,290.63297744750975
-133.17244514465332,289.88685195922847
-138.07410278320313,288.8830297851563
-142.92825945854185,287.6421895885467
-147.68092898368835,286.1450214672089
-152.36219284057614,284.34005538940426
-156.8749578380585,282.2170709514618
-156.28947607040405,277.86075186729425
-154.73295716395134,273.0982290016464
-153.17853967905043,268.34213591217997
-151.43748901367186,264.0737951660156
-146.9472918510437,266.25383478164673
-142.26718061447144,268.0063624000549
-137.46367322921753,269.40539102554317
-132.5923653411865,270.49446743011475
-127.64948705673217,271.26108931541444
-122.6749349975586,271.6804991149902
-117.66831023216247,271.73942626953124
-112.68187438964844,271.41828125
-107.74250334739685,270.61723876953124
-102.95562255859376,269.19312499999995
-98.48890563964844,266.97828125
-94.60187499999999,263.83834960937503
-91.57046875,259.89325927734376
-89.42010925292968,255.37868445396418
-88.07266357421875,250.57586391448973
-87.36549011230468,245.624379491806
-87.16,240.62311590075493
-87.16,235.6216445195675
-87.16,230.62018165588375
-87.64967590332031,227.0266595458984
-91.00126843452453,230.72928587913512
-94.76973706245423,234.0085833644867
-98.91696491241456,236.7854806137085
-103.40310976028442,239.0193137741089
-108.11046251296997,240.6626905441284
-112.99655961990356,241.75091869354247
-117.94715379714967,242.32526988983153
-122.94486708641053,242.45256309747694
-127.94571620941161,242.1667873477936
-132.88536373138425,241.43019211769104
-137.73354712486264,240.19151949167252
-142.40482723236084,238.42177399635315
-146.8273431396484,236.1149586486816
-150.94345333099363,233.28916092872618
-154.7099494075775,229.98691477060316
-158.08459364891053,226.29097130060197
-161.06121284484863,222.29853132247925
-163.68150377273557,218.0237443113327
-165.9087512207031,213.5490475463867
-167.7534060668945,208.90925224304198
-169.23130867004392,204.14337308883665
-170.367915725708,199.2712647819519
-171.18475648880002,194.33637900829314
-171.7097912788391,189.36052314281463
-171.97004394531248,184.36477416992187
-172.01,179.37849929809568
-148.79863348007203,185.97908371448517
-148.35825531005858,190.96084419250488
-147.5444864463806,195.89445427417755
-146.29642690658568,200.74203785419465
-144.56240234375,205.4183251953125
-142.283984375,209.86908203125
-139.4216728591919,213.97661834716797
-135.89690913438798,217.49556928634644
-131.73101581573485,220.2654977416992
-127.12027786254882,222.17911010742185
-122.25977311372756,223.28284727096556
-117.28601063728333,223.69795280456543
-112.28548095703125,223.5288018798828
-107.35453266143799,222.70507069587705
-102.62083251953125,221.0934991455078
-98.29163558006286,218.63138533592226
-94.44027858734131,215.44978542327883
-91.10720458984375,211.72376708984376
-88.30301620483398,207.59213729858396
-87.16,202.89074258327486
-87.16,197.89046581271106
-87.16,192.8867491865158
-87.16,187.88170095026493
-87.16000000000001,182.882080447654
-87.16000000000001,177.88680908051668
-87.16,172.89370831087348
-87.16,167.88877043123358
-87.16,162.88697692265617
-87.16,157.89412349700928
-87.16,152.89206157624722
-87.16,147.88606631100177
-89.42824116706848,143.5390604305267
-92.5660870361328,139.63863708496092
-96.20929004669189,136.2343169784546
-100.32335103988648,133.40258990287782
-104.8777452659607,131.34570132255556
-109.70934423446654,130.1183739757538
-114.68352376937865,129.63033495903017
-119.68903469085693,129.7936480331421
-124.601491689682,130.69639075279235
-129.25997802734375,132.44960693359377
-133.50897864341735,135.09708510398866
-137.14145941734313,138.50013960838317
-140.1414337515831,142.49770581960678
-142.57161113739016,146.87570229530334
-144.5446063232422,151.4655140686035
-146.09536144256595,156.205480966568
-147.2688559246063,161.07371528863908
-148.09653841972352,165.99776695489882
-148.62263957977294,170.97763695716856
-148.88002154350278,175.96069393396377
-148.92,180.95879808425903
#
26.62441914275288,282.65842517957094
21.85063863039017,281.17934356451036
17.165393612384797,279.4343067526817
12.60471259355545,277.38828176259995
8.20779377937317,274.99963500022886
4.052557442188263,272.24273427724836
0.1873693394660947,269.07068071126935
-3.285400760173798,265.48204082250595
-6.285189819335938,261.48771301269534
-8.836212441921234,257.18760382890696
-10.959243011474609,252.66499343872067
-12.652384412288665,247.95764882326125
-13.920647504329681,243.12701939821244
-14.789288213253021,238.20799493074415
-15.289100301265716,233.2193849301338
-15.449963340759275,228.23782917022703
-15.45,223.22670589430723
-15.45,218.2341156322183
-15.45,213.22093207597734
-15.45,208.22827100608032
-15.457452850341795,203.22465621948243
-15.789570493698122,198.23918025016783
-16.714920072555543,193.33644999504088
-18.398108367919924,188.62327072143555
-20.961664609909057,184.3454198741913
-24.471415843963623,180.8043279647827
-28.792479171752927,178.33093368530274
-33.58315605163574,176.92514877319337
-38.55351493835449,176.39348373413085
-39.93999999999999,172.7580273862183
-39.94,167.755
-39.94,162.75197261378167
-38.553514938354496,159.1168691635132
-33.59357066631317,158.59513093709944
-28.79247917175293,157.2085338973999
-24.456862716674802,154.76134090423585
-20.927937011718754,151.24170654296876
-18.357077436447145,146.96318285942078
-16.69076300382614,142.25587364912033
-15.778483228683472,137.33548586845396
-15.456647758483886,132.3532130050659
-15.45,127.35761483680456
-15.45,122.353701069355
-15.45,117.35036422138568
-15.45,112.35648010172415
-15.45,107.35749649047852
-15.29630384206772,102.36788893699644
-14.808827588558193,97.39028922080992
-13.954156341552734,92.46734313964843
-12.69777084350586,87.62074645996094
-11.02316756248474,82.91958278656006
-8.906096410751342,78.37909358978271
-6.367487523555756,74.08397559165954
-3.3729634356498717,70.08402613401412
0.09781570434570275,66.4890251159668
3.9650880169868463,63.31014460325241
8.12638896226883,60.546057403087616
12.515189027786255,58.158854246139526
17.068161973953245,56.11245112419128
21.76697749376297,54.35836437940598
26.540753669738766,52.875224113464355
28.214434509277343,57.49158058166504
29.82921875,62.2220703125
30.909018554687496,66.68971435546875
26.272062969207763,68.54733386039733
21.95957633972168,71.04491710662842
18.111174144744876,74.24392954826354
14.923141403198242,78.07586345672607
12.466545515060423,82.42373768806456
10.609039916992188,87.06314758300782
9.251999511718749,91.88112548828126
8.345610892772674,96.78755561113357
7.8255649948120105,101.76986469268799
7.64185564994812,106.76795880317688
7.64,111.76764806747437
7.64,116.75957094192971
7.64,121.76568540047853
7.639999999999999,126.76825878351927
7.639316101074218,131.7681118774414
7.399566783905028,136.74772546768187
6.686796875,141.68851562499998
5.443924560546875,146.53274047851562
3.63765251159668,151.18861366271972
1.249344482421875,155.5790655517578
-1.7485834503173823,159.5863954544067
-5.289964065551757,163.09251789093014
-9.30702013015747,166.0743265247345
-10.922769336700439,168.57691166877748
-6.788600330352782,171.38013783454895
-3.074435501098632,174.70936725616454
0.1358762931823736,178.55374730110165
2.747154369354248,182.80596565246583
4.780086669921874,187.3625048828125
6.2551046752929675,192.1440832519531
7.180643138885497,197.05193244934082
7.6015306854248035,202.03871368408204
7.64,207.0373732283711
7.639999999999999,212.03831517662852
7.64,217.0289395978674
7.639999999999999,222.03658988267182
7.640000000000001,227.0336827406287
7.728212766647338,232.03664182662962
8.127629852294922,237.0156344604492
8.899503126144408,241.95265089035033
10.108626127243042,246.81804105758667
11.803646697998047,251.50642791748047
14.064978365898131,255.9640035939217
17.04079948425293,259.96376178741457
20.709369640350342,263.3697372150421
24.88511716842651,266.08811009407043
29.43795379638672,268.1690559387207
30.34597553603351,271.678815883901
28.74408280052245,276.4126142881997
27.139751006960868,281.1536204217374
#
81.46999999999998,82.62557020187377
81.47,87.61833282956388
81.47,92.61187371884007
81.46999999999998,97.618848650367
81.47,102.61185474512634
81.47,107.62671449955553
81.47,112.61643021821976
85.88962658255826,113.19999999999999
90.8943995514512,113.19999999999999
95.8931049997732,113.2
100.88712309535592,113.19999999999999
105.49000000000001,113.60607018455862
105.49,118.60196549635148
105.49,123.59678283408284
105.49,128.60687476158142
102.2004860278964,130.31
97.19004418957978,130.31
92.19790315244813,130.31
87.19287149261683,130.31
82.20198623288422,130.31
81.47,134.58659620141844
81.47000000000001,139.57765136812668
81.47,144.58829677381874
81.47,149.58882072054084
81.47,154.57764597877355
81.47,159.58131275051971
81.47,164.5833753639669
81.47,169.5803043525094
81.47,174.57954066864824
81.47,179.5864299406481
81.47,184.5779177186592
81.47,189.58862458377845
81.47,194.5866673564911
81.47,199.58318409108588
81.47,204.58249937971357
81.53508850097657,209.57358398437503
82.28756168365479,214.5180853271484
84.40980716705322,218.99918884277344
88.30233169555663,222.0758428955078
93.10258789062499,223.39113281249996
98.09392822265625,223.22652587890627
102.94299499511717,222.07898696899412
104.42867614779621,226.048308111229
105.3707663154602,230.95089576005935
106.31718271493912,235.87599689155817
103.97823959350586,239.3450028991699
99.28433345794677,241.06265270233155
94.38893951416016,242.08457656860352
89.40494140625,242.458681640625
84.42329833984374,242.20890136718748
79.5092457485199,241.3078693962097
74.80638937950134,239.6477779960632
70.46584411621095,237.16773315429685
66.66753173828126,233.9267990112305
63.59230056762696,229.9989407157898
61.342141723632814,225.53700187683108
59.826702270507816,220.77031364440919
58.91225891113281,215.87220207214355
58.4658203125,210.8909326171875
58.38,205.89797242090108
58.38,200.88477151705098
58.38,195.89843495459064
58.379999999999995,190.88993797809778
58.379999999999995,185.87956569656643
58.38,180.88520355338667
58.38,175.88805960291492
58.38,170.8904909387813
58.379999999999995,165.88934527038822
58.38000000000001,160.8905483926969
58.38,155.89307303427486
58.38,150.89132114371984
58.38,145.89007531166078
58.38000000000001,140.89396947510772
58.38,135.89341540436232
58.38000000000001,130.88544660687447
53.95799698784948,130.31
48.95396559044719,130.31
43.950282793045034,130.31
38.95905332529917,130.31
38.23,126.03656072989106
38.230000000000004,121.02893645366653
38.23,116.0445752938278
40.38640296936035,113.19999999999999
45.390872143507,113.20000000000002
50.38724548799917,113.19999999999999
55.38509936911986,113.2
58.38,111.19356079101563
58.38000000000001,106.18433028429746
58.38,101.17981003767345
58.38,96.18864600500558
58.38,91.17889786999672
58.38,86.18776305764914
59.80695781262591,82.62
64.81185228705407,82.62
69.80662049633219,82.62
74.80690906398698,82.62
79.80942414283751,82.62
#
162.6836721801758,144.02
167.6892735415697,144.02
172.67140726387498,144.01999999999998
177.67447818100453,144.02
182.68931804656984,144.02
187.6759177184105,143.8098473572731
192.61945907592772,143.05083389282225
197.3710007381439,141.55084862709046
201.7038344955444,139.07758640289308
205.21434685707092,135.53884640693667
207.80088134765626,131.25854736328125
209.5294978737831,126.58371258974074
210.5271919083595,121.68773757219314
210.93345462799073,116.70225482940673
210.86522180557253,111.70415222167969
210.29463478088377,106.73508544921874
209.0878381347656,101.8965234375
207.08617584228512,97.31370117187501
204.2014956665039,93.243779296875
200.47839154243468,89.93064142227173
196.10646628618238,87.52883490085603
191.34330563545228,86.01657800674438
186.4100971984863,85.25684967041016
181.41271484374997,85.087724609375
176.439950466156,85.48253211021422
171.5642514038086,86.56710800170899
166.9352621459961,88.44611923217772
162.73124044418336,91.14961935997009
159.1159275817871,94.58460830688476
156.21270926475523,98.64806092262268
154.15337646484375,103.19972900390624
152.9465410518646,108.0401178073883
152.49182188987731,113.02818230628966
148.47061302453278,114.02
143.474814453125,114.01999999999998
138.489797190167,114.02000000000001
133.48860959347337,114.02
130.0790361404419,112.19178363800047
130.31061237335206,107.20229297637938
131.10801380157469,102.28015094757079
132.50797711372377,97.47676701545716
134.49962158203124,92.89999267578125
137.05277871370316,88.5942829823494
140.08876126289368,84.6228502368927
143.51796208381654,81.00738492012024
147.302419128418,77.73269571781157
151.40866088867188,74.86715951919555
155.77114471435544,72.45835375308991
160.38323120117187,70.49624521255492
165.1404638671875,68.9967520904541
170.02041229248044,67.92597841739654
174.97966674804687,67.25307886123656
179.9715576171875,66.94228187561035
184.9682671713829,66.95254069328308
189.9520454764366,67.2675599193573
194.9065305495262,67.9240582561493
199.79927896261214,68.96457339286803
204.57831778526304,70.42694164276124
209.19514755010601,72.34444514274597
213.58941481590267,74.7356010055542
217.68105863332747,77.5841511821747
221.43783014535902,80.88157695770263
224.7616015625,84.61187499999998
227.58731296539304,88.74442077636719
229.86456560373307,93.18097270965576
231.60919965982436,97.86391521453857
232.84638431787494,102.70575145721435
233.62485782623293,107.6465740966797
233.99800364553928,112.63432330131532
233.98023003578186,117.63402085304261
233.31199478149412,122.59261856079101
231.985823097229,127.39977054595947
230.08130234718323,132.01513772010804
227.68493656158446,136.4190622329712
224.81583070755005,140.49757154464723
221.41517578124996,144.16123046875
217.56321855545042,147.35169858932494
213.35728960037233,150.05425840377808
208.89750488281248,152.2865966796875
212.77738403320313,154.0482490348816
217.2922082519531,156.21063764572145
221.52494140624998,158.87329071044923
225.34430694580078,162.0767322874069
228.62656036376953,165.8421362257004
231.25681084632873,170.08742540359498
233.35577218055727,174.615269947052
234.9407353425026,179.36369114398957
235.99422127723693,184.2484181404114
236.5362989807129,189.22220733642578
236.60694496512414,194.21547990560532
236.28395469665526,199.20895004272458
235.54253118515015,204.1463759994507
234.33029287338255,209.00504512786864
232.61595254421235,213.69626975059506
230.37955670833588,218.16151366233822
227.6270695257187,222.33633910179137
224.4138683128357,226.1429284286499
220.7747549390793,229.57837373733517
216.81328162670138,232.6269085884094
212.57317487716676,235.27401313781738
208.0876904296875,237.49892578125
203.43668262004851,239.2810951423645
198.6151154899597,240.6491217803955
193.71948546886443,241.60861177444457
188.75077952861784,242.19763231277466
183.75154521465302,242.44654222488404
178.7661130785942,242.38782711982725
173.76600350141524,242.01472111701966
168.82561175346373,241.29777179718016
163.94453917264937,240.20187054634093
159.18227786064148,238.70513568878175
154.55612725019452,236.78042241096495
150.14983706474302,234.4392543411255
145.9848769664764,231.68367725372315
142.09877820014952,228.53268201828004
138.59394168138505,224.97611911296843
135.5587983059883,221.00894416332247
133.06864643096924,216.67155876159669
131.17742436408997,212.0579134941101
129.87791409492493,207.23430402755736
129.13914389848708,202.280450091362
128.90809314727784,197.28853202819823
131.91545086132365,195
136.90775801062352,195
141.9033961315453,195
146.90484819069505,195
151.31416711807253,195.60276711463928
151.69822731018064,200.58586887359618
152.8005915260315,205.4584051609039
154.72579416751861,210.05849575281144
157.49368812561036,214.20176456451415
161.0195746421814,217.745119972229
165.15973455429076,220.55084506988524
169.73087402343748,222.54243164062498
174.58053855895997,223.77157608032223
179.54807273864748,224.33709365844726
184.52806860923766,224.36019382476806
189.51014678001405,223.8606897354126
194.37619010686876,222.7295236301422
198.99715072631835,220.85838928222654
203.2184441757202,218.1788307189941
206.8387713623047,214.73540868759153
209.6631610107422,210.62334127426146
211.64267761230468,206.04197607040402
212.85882507324214,201.18775655746458
213.43868347167967,196.237969417572
213.51947685241697,191.24462158203127
213.1741305541992,186.257626953125
212.30438123703004,181.3365557861328
210.74657157897948,176.57321533203122
208.3467075920105,172.2030108642578
205.01600494384763,168.4980319213867
200.88341989517212,165.70613843917846
196.25702097415922,163.8260976743698
191.38850440979002,162.70517570495605
186.42714792251587,162.1712873649597
181.4223879480362,162.07
176.41968936242165,162.07
171.41986528612674,162.07
166.42469461917878,162.07
162.68,160.8007590506971
162.68000000000004,155.80764270171522
162.68,150.818210816551
162.68,145.816692609787
#
342.79999861717226,206.36255923748018
342.11074886322024,201.43722547531127
339.91661605834963,196.96687431335448
336.45795967102043,193.39055175781252
332.18370246887207,190.7918408203125
327.585480351448,188.84392852783205
322.8307746124267,187.27852050781252
318.00704864978786,185.97476837158203
313.1459304046631,184.85055675506592
308.27369771480556,183.65697237730026
303.4666912984848,182.31135185956953
298.71312375545494,180.7814766573906
294.0204683494568,179.02910716056823
289.44827935695645,177.02365833997726
285.0270396995544,174.70772974967957
280.80955038070675,172.00497630119324
276.95939262390135,168.81373462677
273.70150115966794,165.04374465942382
271.19269788742065,160.72563061714172
269.54232421874997,156.004033203125
268.7402722167969,151.0878253173828
268.6778564453125,146.0955433654785
269.340703125,141.12947509765627
270.7697254180908,136.35474643945693
272.95338081359864,131.85798139810564
275.7901077270508,127.75487793922423
279.1643371582031,124.06561038970949
282.9488848781586,120.79253529071808
287.07226553916934,117.97807548999786
291.49091152191164,115.65254426956177
296.1450227260589,113.81866253376008
300.9618521785736,112.46142242908478
305.87520290374755,111.54658266067506
310.8511306381225,111.02766176223756
315.836494102478,110.86009355545045
320.8412104511261,111.00465202569963
325.8049193191528,111.479378824234
330.7445067214966,112.3364314365387
335.56428955078127,113.61436584472656
340.24524945259094,115.36408310174943
344.71765736579897,117.61872568368912
348.88005917549134,120.36990360498429
352.68757335662843,123.60093220710755
356.10265605926514,127.26608181953432
358.9945965576172,131.34016311645507
361.24626276969906,135.78699454545975
362.7783410167694,140.54102210283278
363.5611121749878,145.48735951423646
363.47089782714846,150.43942726135253
358.5717930755555,150.59
353.564823795557,150.59
348.57296291744336,150.58999999999997
343.5828608417511,150.59
341.1840991210937,147.77992431640627
339.78750807762145,142.99980256080627
337.22050720214844,138.73096740722656
333.81267028808594,135.08331634521483
329.7204209899902,132.2025466156006
325.13001033782956,130.28145895004275
320.23440536499027,129.2675075531006
315.2447213745117,129.0246262741089
310.24689910888674,129.35163188934328
305.3652562713623,130.33090617179872
300.74307342529295,132.22806407928468
296.78212402343746,135.26579833984374
293.76678001403803,139.23126918792727
292.0451210784912,143.88752712249754
291.7523883056641,148.88278701782224
292.85050842285153,153.73339126586913
295.53762466430663,157.91132572174072
299.4978422737122,160.94022837638855
304.03387092590333,163.00837718963624
308.7858898925781,164.60067077636717
313.6047430610657,165.8978695964813
318.4903739547729,167.005125105381
323.35178466796873,168.11948379516605
328.19760509490965,169.38332405328754
332.98025070190425,170.81089806556702
337.7036357116699,172.43723649024963
342.350419921875,174.30373596191407
346.8643901062012,176.45136841773987
351.1948504638672,178.9435886001587
355.25480449676513,181.85986874580382
358.86903076171876,185.31617492675784
361.8361134624481,189.3246593594551
364.0194213867187,193.8249835205078
365.3439368820191,198.6377571582794
365.8629996871948,203.60457653999327
365.6925457763672,208.59546630859376
364.84845177412035,213.51852591514586
363.2673046875,218.25859375
360.9563976573944,222.67083919525146
357.9702095675468,226.68211745262147
354.43870217084884,230.22194693565368
350.491015625,233.29300781249998
346.2338861703873,235.89354254961015
341.7099596261978,238.0281307911873
337.00585809707644,239.69747876167298
332.15189844131464,240.93931973457336
327.2357279396057,241.7824124622345
322.2539025878906,242.27602355957032
317.2577754068375,242.45729197740553
312.26260973393914,242.36017531514165
307.27140752553936,241.96944035053252
302.332722928524,241.2475407457352
297.4503477478027,240.14755645751953
292.7001737880707,238.63547578811645
288.09913458824155,236.66283250808715
283.7479345321655,234.2225415802002
279.68456376791,231.29754436969756
275.9780004119873,227.9397895717621
272.65092987060547,224.21683193206786
269.79634574890133,220.10868063926696
267.54746366500854,215.65724227666857
265.99615837097167,210.91597289085388
265.19263671875,205.98161865234374
265.2478961181641,201.01247398376464
270.06598770335313,200.74
275.0668058681488,200.73999999999998
280.06492870988325,200.74
285.0540418644249,200.74
287.6009199333191,203.42132157325747
288.67303031921386,208.30191959381102
290.74846405029297,212.82362808227538
293.9160437011719,216.68779357910154
297.9325180053711,219.62365356445315
302.41889501571654,221.83849800109863
307.17866050720215,223.35173858642577
312.1099364280701,224.18677619934078
317.0998501110077,224.40748762130738
322.08754427909855,224.1295586967468
327.0056987285614,223.29284635543823
331.7574940013885,221.71710523605344
336.0899935913086,219.23428619384768
339.6856478881836,215.78121002197264
342.0304916381836,211.39386627197266
342.79967382431033,206.48032388687133
#
514.4700089740754,87.54
509.479207303433,87.54
504.48344310989603,87.53999999999999
499.47386831551233,87.54
494.4839039534168,87.54
489.4826590378242,87.54
484.4872540283203,87.54
479.4708771037008,87.54
474.47319986775517,87.54
469.48357839739447,87.54
464.47351057821186,87.54
459.63,87.69551734160632
459.63,92.69997774157673
459.63,97.69100907762827
459.63000000000005,102.68074814560299
459.63,107.6871728302558
459.62999999999994,112.6943049323657
459.63,117.68395489198338
459.63,122.68488830644048
459.63000000000005,127.69674847219605
459.63,132.68995236148717
459.63,137.69868007658175
459.63,142.68931856390554
459.63,147.6867874748586
459.63000000000005,152.69429617067857
459.63,157.6900016349106
459.63,162.68129877020147
459.63,167.69069618285636
459.62999999999994,172.6850284767151
459.63,177.68629854425126
459.63,182.6872273900872
459.62999999999994,187.69190977723514
459.63,192.68761902477854
459.63,197.68326335971418
459.63,202.6918932197497
459.63,207.69046152103175
459.63,212.699224631986
459.63,217.68816457396497
459.63,222.69636337007688
459.63,227.68489858946123
459.63,232.69790052835364
459.63,237.69645125684795
456.93726058304304,240
451.9446941900253,240
446.94219748556617,240
441.93210632316766,240
436.9313402611017,240
436.55,235.3956384727126
436.55000000000007,230.3907263849218
436.55,225.38149427175523
436.55,220.38063756376505
436.55,215.38821729942435
436.55,210.3894671617374
436.54999999999995,205.38063824789884
436.54999999999995,200.39059326755873
436.55,195.38979435370769
436.54999999999995,190.3952561757853
436.55,185.38906900674107
436.55,180.38629339917642
436.55,175.39848819735053
436.54999999999995,170.37877008419113
436.55,165.38903484826733
436.55,160.39311515802277
436.55,155.38233151349144
436.55,150.3902372169698
436.55,145.39597894717008
436.55000000000007,140.3818013268424
436.55,135.38710971546425
436.54999999999995,130.38894516385793
436.54999999999995,125.39812939439894
436.55000000000007,120.3869765878626
436.55,115.39266897694054
436.55,110.38541214043573
436.55,105.38365030634122
436.55,100.39087317241233
436.55000000000007,95.38937141471717
436.54999999999995,90.38254821728916
434.40451913908123,87.54
429.3950082874298,87.54
424.4036391353607,87.54
419.40199708884785,87.54
414.4075468261657,87.54
409.4054678506163,87.54
404.39676568865775,87.54
399.40044999005505,87.54
394.3933364437494,87.53999999999999
389.4012205384695,87.54000000000002
384.40459943267285,87.54
381.82,85.10970501318575
381.82,80.1274404387176
381.82,75.12593749999999
381.82,70.11438540458678
386.08358587294816,69.38
391.0825055693501,69.38
396.0799094274221,69.37999999999998
401.0744465359865,69.37999999999998
406.07471836071926,69.38
411.076483016112,69.38
416.0910433823868,69.38
421.0839246013388,69.38
426.0860562477214,69.38
431.0762852015643,69.38
436.0888705756028,69.38
441.0811941834165,69.38
446.0855808093158,69.38
451.0883283689932,69.38
456.0762072896038,69.38
461.0835978278468,69.38
466.08229517770184,69.38
471.0880617230333,69.38
476.08696866104447,69.38
481.08992980118376,69.38
486.0821559581368,69.38
491.0874660142563,69.38
496.08647284811224,69.38
501.09128805906977,69.38
506.08088186550884,69.38
511.0842318272119,69.38
514.48,70.99157885551453
514.48,75.9875481569767
514.48,80.9838232421875
514.48,85.9916886138916
#
598.2657941150665,240
593.2740341659332,240
588.2766828675568,240
583.2719787002611,240
578.270061191935,240
575.18,238.08665470700362
575.18,233.09150533441033
575.18,228.097924040145
575.18,223.08091845267452
575.18,218.08462080401557
575.1800000000001,213.0907110664528
575.18,208.0880613131693
575.18,203.088577589248
575.18,198.09926996665425
575.18,193.08304666652228
575.1799999999998,188.0907802043017
575.18,183.0903992173034
575.1800000000001,178.0956085315824
575.18,173.09018281765282
575.18,168.0823393027448
575.18,163.0928576815406
575.18,158.087883404576
575.18,153.08824282080866
575.18,148.08902270533144
575.18,143.08784746371222
575.18,138.0861336890643
575.18,133.09047836114536
575.18,128.09053612984354
575.18,123.08885144864661
575.18,118.08373450648548
575.18,113.0822974604495
575.18,108.0842062205542
575.18,103.08899146407916
575.18,98.0793863962416
575.18,93.0940553566534
571.3931363366823,91.92988422924188
566.390754927313,91.99578043337446
561.3912256855411,92.06163906599804
556.3911822682619,92.12750447183846
551.3929042066086,92.1933466227079
546.3825593739002,92.2593477287516
541.3823007589579,92.32521596938372
540.26,88.480625
540.26,83.47191554576159
540.26,78.4664367556572
542.480838403122,75.45804691074416
547.4459213063852,74.91711734776152
552.42079694286,74.37512089848518
557.3902959011285,73.83371022073553
562.3565783931315,73.29264996647835
567.333077683792,72.75047662538243
572.297940219974,72.2095710706734
577.2655501347276,71.66836619804381
582.245727562588,71.12579213591525
587.2051093242367,70.5854836936877
592.1715555404127,70.04440560221673
597.1501407302194,69.50200500922277
598.27,73.26421187162398
598.27,78.25342865276616
598.27,83.25214780691829
598.27,88.25021650336856
598.2700000000001,93.26114829164544
598.27,98.25095151274239
598.27,103.25473631033776
598.27,108.25640293602773
598.27,113.26346835367556
598.27,118.25856471457448
598.27,123.24810946741607
598.27,128.24702200934007
598.2700000000001,133.2462523601244
598.27,138.2551579081246
598.27,143.25506831339771
598.27,148.25968640351027
598.27,153.25295348402403
598.27,158.2506062668498
598.27,163.25294083430046
598.27,168.25982865609694
598.27,173.25494012590048
598.27,178.25151311551272
598.27,183.26009423933743
598.27,188.2584192101367
598.27,193.26453498133924
598.27,198.26165246218443
598.27,203.2536242424875
598.27,208.25766208897986
598.27,213.24683965602424
598.27,218.2609320840711
598.27,223.25154015875887
598.27,228.25578255924302
598.27,233.25894215877634
598.27,238.25573786254972
#
690.9602987289428,113.20343720436095
691.3930359231681,118.18255357937888
691.8256235788018,123.15994934877381
692.2581985328347,128.13719897231087
693.1752088165283,131.1734962463379
696.1059125518798,127.13812637329099
699.4414601325988,123.41175144195554
703.1606716918945,120.07576721191404
707.2440779304504,117.1769284439087
711.6261811065674,114.77959874153137
716.261143798828,112.9549543762207
721.1102923774719,111.70779109239578
726.0618411254883,111.02830432891845
731.0573359870912,110.86505105018617
736.0487934541702,111.11942754983902
740.9894137763977,111.80342392921449
745.8447940254212,112.98763749122618
750.5428217315674,114.73961887359619
754.9464450263977,117.08125596046447
758.9864425325394,120.0243946671486
762.5654403972626,123.51242648124695
765.5874638366699,127.49611618041993
768.0103542017937,131.85746693372727
769.8834373164177,136.49018872022629
771.2692381548883,141.29714922666548
772.2352196383476,146.19997153043747
772.8477684515715,151.15826733767986
773.1621910738945,156.14452109098434
773.23,161.15357033908367
773.2299999999999,166.1408145616483
773.2300000000001,171.1524045216164
773.23,176.14524248123416
773.23,181.14667032812724
773.23,186.14039152486367
773.23,191.14907547463883
773.23,196.1454272915551
773.23,201.15231185138225
773.23,206.14284855932578
773.23,211.146138658969
773.23,216.14793917340228
773.23,221.14564860985485
773.23,226.14947252981364
773.23,231.14774276796612
773.23,236.13950443267822
772.0849633099139,240
767.087785443219,240
762.0908045876026,240
757.083413035653,240
752.088740606252,240
750.14,236.94165182190685
750.14,231.95096562624065
750.14,226.94973338192327
750.14,221.94433535933496
750.14,216.94499301967062
750.14,211.9465945996344
750.14,206.9464241157472
750.1399999999999,201.9337492385137
750.14,196.94011430608302
750.1400000000001,191.93530520758358
750.1400000000001,186.95330473870825
750.14,181.93657017888881
750.14,176.94110484202247
750.14,171.93640482686897
750.14,166.94154705882073
750.14,161.94846460223198
750.0636087799072,156.94149768829345
749.6414936256408,151.96433957099913
748.7334924316406,147.0466436767578
747.155967965126,142.31101321458814
744.6678569984435,137.99718983650206
741.1143764305116,134.48813117027282
736.7853236961364,131.99948370933532
732.0433113861083,130.48856227874757
727.0854428100586,129.75685165405275
722.1023012161254,129.6275964355469
717.1182970046997,130.1085046386719
712.279814453125,131.3021875
707.685474395752,133.2522607421875
703.4585247802734,135.91530700683595
699.6565964412689,139.17931288719177
696.3860903549194,142.93779598236085
693.6540752792358,147.119762840271
693.42,152.06212813172488
693.42,157.06499987358168
693.42,162.06313401884108
693.42,167.06363344130398
693.42,172.07483681827782
693.42,177.06503963772445
693.42,182.06729567666247
693.42,187.0698639144419
693.42,192.07734320345799
693.42,197.06884254680327
693.4200000000001,202.05946651318575
693.42,207.0765758230118
693.42,212.07081976218615
693.4199999999998,217.07048995966463
693.42,222.06315092738717
693.42,227.07084305261554
693.42,232.07694253414405
693.42,237.06725172948268
691.3514923361688,240
686.3541137077007,240
681.3561268857028,240
676.3437481957674,240
671.3614990228415,240
670.34,236.01335135026602
670.34,231.00784438428235
670.34,226.00663748038932
670.34,221.01675882935524
670.34,216.01947107123414
670.34,211.00888688351114
670.3400000000001,206.01992697715758
670.34,201.00765725364909
670.3399999999999,196.00737366080284
670.34,191.0211637019529
670.34,186.01853362744004
670.34,181.00821292583132
670.34,176.019562871808
670.3399999999999,171.01097359798877
670.3399999999999,166.01057732674525
670.3399999999999,161.00211968458024
670.34,156.01819290194106
670.34,151.00806909195234
670.3400000000001,146.01905279681085
670.34,141.00719653495617
670.3399999999999,136.0157446436584
670.34,131.01467657362954
670.3400000000001,126.01197364991384
670.3400000000001,121.01237327522833
670.34,116.01116038925248
672.527179660462,113.2
677.522928560339,113.20000000000002
682.5284404924372,113.20000000000002
687.5318794530258,113.2
#
934.7070258325339,217.38457998692988
931.6791673278808,221.3398472595215
928.1384046149252,224.87695558309557
924.2488823604583,228.02899016380312
920.1266381835937,230.84626708984376
915.830322561264,233.3896631526947
911.3831176257132,235.68222217321397
906.7631758189201,237.59056596517564
902.0012258791924,239.12441291570664
897.1583379650115,240.31722136497496
892.2383221435547,241.2137933349609
887.2765505290031,241.84550409078597
882.2849506759644,242.24364467620848
877.2930204463006,242.43437986135484
872.2907749199867,242.43197572886945
867.2964324593544,242.16954957187176
862.326875038147,241.61325991630554
857.4075444436073,240.7437026518583
852.5493886661528,239.54066530942913
847.8009726333618,237.99718760490416
843.1813669681547,236.1056280398369
838.7078037285804,233.86173952281473
834.4176686096191,231.2792011642456
830.3531238770483,228.39044063270092
826.5084529209137,225.2060120844841
822.8859170806409,221.74318615198132
819.5355641889571,218.04343346595763
816.4668569552898,214.09088754892346
813.7230917692184,209.9213159275055
811.3155667066574,205.5433881473541
809.2569529521465,200.98014593362808
807.5567931938172,196.2715896987915
806.21399061203,191.46383304595946
805.2101386439799,186.56745191812513
804.5286897230148,181.60711525917054
804.150846670866,176.6239457154274
804.0499999999998,171.62971827924255
804.05,166.62093772411347
804.05,161.62542504131795
804.0499999999998,156.63074932127145
804.05,151.62661148302374
804.05,146.62480232179166
804.05,141.63457551658155
804.0511370849608,136.62538879394535
804.2003794860838,131.62165237426757
804.6129281234741,126.65898120880128
805.3165882778165,121.69386006355286
806.3270837020874,116.79665058135986
807.6638159084318,111.97931859016417
809.3369165015221,107.27844475984573
811.3614962744713,102.70334862947465
813.7266640853882,98.30797718048095
816.4375634670257,94.09550267219542
819.4579731553792,90.11941582024097
822.7710311102867,86.38456000566482
826.3639293646812,82.89614539384843
830.2071031188964,79.70533279418945
834.2989681428671,76.83530332386493
838.6137682723999,74.3175059890747
843.131295852065,72.16739875614643
847.8029806303978,70.40110680818557
852.6101168608665,69.01075768709183
857.5058291411399,67.98949609041213
862.4511766052246,67.31880325317383
867.4459491389989,66.97224362671375
872.4354563522339,66.92237678527832
877.4363544243573,67.10885454297066
882.4250635910033,67.53978584289551
887.3656153392792,68.24010560989379
892.2709342956542,69.24431671142578
897.089626185894,70.57864761829376
901.7954677462577,72.27327705860137
906.341545779705,74.34927650928498
910.6855297374725,76.82244356155395
914.7729191589355,79.68966339111329
918.5640472412109,82.93100646972655
922.0564819335937,86.52951416015625
925.1567789435385,90.43898039102555
927.8264383602142,94.6565678501129
930.0265284895895,99.15727787256242
931.7161493468284,103.84996933221817
932.9088365912437,108.70539076089858
933.6212999629973,113.64791840553283
933.8366552734375,118.642353515625
929.2284011974372,119.18
924.237413221763,119.18
919.2423241675086,119.18
914.2327624676445,119.18
911.397787027359,116.80243567466736
910.4792922306061,111.88419646263121
908.9285721993446,107.1318832564354
906.7217983460426,102.64990970373154
903.8905473423005,98.5411670589447
900.4994658756256,94.85933287620544
896.6173847961427,91.73277236938475
892.2728097248078,89.25571663856506
887.6188097000121,87.4265213394165
882.7890885639189,86.18352562904357
877.8489992070197,85.43748487710953
872.8538693714141,85.10977646827698
867.8484392762184,85.16176370859145
862.8827142715454,85.71983097076415
858.02599016428,86.85564760446549
853.3402069950104,88.61487191200256
848.9515509414673,90.98288639068603
844.9032093811036,93.93245742797852
841.2748880791664,97.35948814630508
838.0614988327027,101.17937992095948
835.2530591964721,105.31106784820557
832.874198615551,109.70297521829606
830.9332307696343,114.3166180062294
829.4313437342644,119.08685869455337
828.3487305521965,123.95674070596695
827.6495872706175,128.91373061716558
827.3034747958184,133.9048738884926
827.25,138.9098300905712
827.25,143.89307072752388
827.25,148.8984721383822
827.25,153.9012141600065
827.25,158.89055844426156
827.25,163.90548035157147
827.25,168.9086890602298
827.2674425506591,173.90212690353394
827.548256149292,178.88332029342652
828.2030621147156,183.83978168010714
829.2682394409179,188.72747550964357
830.775153503418,193.50537590026855
832.73294921875,198.10140136718752
835.1414354705811,202.47127210617066
837.9872213745117,206.57863212585448
841.2270267248153,210.37696503162383
844.8349943304062,213.83556755542753
848.8046484136581,216.88801125049588
853.0944777822496,219.4552569246292
857.6480161046982,221.48854645252226
862.429407248497,222.97893570423122
867.3386721038819,223.92499824523924
872.3169090843201,224.36445222854613
877.310889222622,224.3750057554245
882.2992974472046,224.1088939666748
887.2704855251312,223.52975187301635
892.1672483825685,222.56475555419922
896.9589752864838,221.1086820793152
901.5376568603516,219.12531677246093
905.903291015625,216.691162109375
909.8605633640288,213.65102850914
911.63,209.3481677223393
911.63,204.34970634707017
911.63,199.35325439038454
911.6300000000001,194.3506473124586
911.63,189.35017595526617
911.63,184.34618235571307
911.6300000000001,179.35364805629246
911.6299999999999,174.35055663704873
908.0109163591079,172.97
903.0050311500765,172.97
897.9991152017911,172.96999999999997
893.0171555266692,172.96999999999997
888.0033657154627,172.97
883.006293783933,172.97
878.0135861561238,172.97
874.24,171.7353871322237
874.24,166.74233769094573
874.24,161.74707314269617
874.24,156.74450828552247
877.3009726531221,154.8
882.3012049128417,154.8
887.3052404952575,154.8
892.3010851003789,154.8
897.2951950304423,154.8
902.3064684236399,154.8
907.3058404541016,154.80000000000004
912.3006102161473,154.8
917.3006981017627,154.8
922.3087936490701,154.8
927.2951910400391,154.8
932.3021885293165,154.8
934.71,157.38956148246768
934.7099999999999,162.39536273439705
934.71,167.38871779683979
934.71,172.3985557499528
934.71,177.3928161621094
934.7099999999999,182.38511154730338
934.71,187.3959590914281
934.71,192.39943192526408
934.71,197.38570536022132
934.71,202.39053076833486
934.71,207.39481513034553
934.71,212.39090191619005
#
956.0462349188327,268.8279390794039
960.6847561073301,266.97422917366026
965.024939956665,264.498028755188
968.9075244140624,261.35858642578125
972.1718108558654,257.5958119678497
974.7368891739847,253.30330279827118
976.6820080947876,248.70109855651856
978.1047146701812,243.91377317428586
979.0632065200806,239.00903373718262
979.6177030277253,234.0413072013855
979.8255807590484,229.0322363090515
979.8300000000002,224.04446914547586
979.83,219.0448182191327
979.83,214.04853118658068
979.83,209.04425541030707
979.8300804138183,204.04207962036133
980.0590901732445,199.04871983766554
980.7722941493988,194.10168972969052
982.0259053707123,189.27154072761533
983.86484375,184.62203125
986.3004961013794,180.26484687805174
989.3787828445435,176.32491157531737
993.0196309280394,172.91559455871578
997.1343807697297,170.04813707351684
1001.2183184814452,167.73472045898438
996.7901962757111,165.45680517196658
992.6874776077269,162.6000368499756
989.0565067768096,159.15369466781615
986.038548707962,155.19080709457398
983.6603564357758,150.79243250846864
981.88859375,146.12296875
980.6914129257202,141.25644329071042
980.0290292263031,136.31844294548034
979.83,131.32584671020507
979.8300000000002,126.31617591640446
979.8299999999999,121.3124314674735
979.83,116.31168961900751
979.8299999999999,111.3262300300598
979.8239255142212,106.31870624542236
979.6070096206665,101.31604572296143
979.043002023697,96.34714367866515
978.0805428409576,91.45720799446106
976.6534735131264,86.65917964220047
974.716174967289,82.05360396623611
972.1718108558655,77.75956851005554
968.9075244140624,73.97428466796875
965.0249399566649,70.83454296112059
960.6847561073303,68.37848162651062
956.0434790039062,66.55006309509278
957.6986089879274,61.82259807823226
959.3475616836549,57.11277694106102
961.3049734425546,52.98306921720504
966.0729936599731,54.4940824508667
970.7429749011993,56.27212481498718
975.2844896316528,58.35389995574951
979.6584287762641,60.781126487255094
983.8018402600288,63.590169227123255
987.6233810901642,66.79553942680359
991.0648481750488,70.43085861206055
994.0261710357665,74.4585984802246
996.5405531167983,78.77712302207946
998.6187627649307,83.30965727806091
1000.2682229471205,88.03198966026305
1001.4943713378905,92.88200927734374
1002.3203174781798,97.80612606048584
1002.780635857582,102.78272200584412
1002.9099999999999,107.77960184127093
1002.9100000000001,112.78758685212583
1002.91,117.78775554686784
1002.91,122.78196184102912
1002.91,127.78737598132341
1002.9246846008299,132.7848171520233
1003.2858038330077,137.77270153045654
1004.2380220031737,142.6740848827362
1005.9516827392576,147.36664073944092
1008.5783575439453,151.6178324508667
1012.166747303009,155.0526285457611
1016.5805676269531,157.39338806152344
1021.3942329597473,158.67160056114196
1026.3828229522705,159.12787075042723
1027.41,163.11454435100777
1027.41,168.10826154515146
1027.41,173.10891264153645
1025.6749111223223,176.40568808555605
1020.716934375763,176.96930294036866
1015.9319924926758,178.40562927246094
1011.627393798828,180.92757568359377
1008.1892805480957,184.52397540092468
1005.700181427002,188.85453555107117
1004.0891096496581,193.58259203910828
1003.2125685501098,198.5037368083
1002.9136711502075,203.49015303373335
1002.91,208.48984079271554
1002.9099999999999,213.495538547039
1002.91,218.49397528249767
1002.91,223.50022155825047
1002.9093343973159,228.49046468019486
1002.7307225656508,233.48120667696
1002.2107694101333,238.45915795564648
1001.3157226562498,243.384345703125
1000.0209619140624,248.20288330078125
998.2986286020277,252.89784219026564
996.1438930702209,257.4078989124298
993.5680797767639,261.6815462207794
990.5286794781684,265.66116040945053
987.0361839675903,269.22325496673585
983.1481806659699,272.3820056056976
978.9775417637825,275.1262166571617
974.571708869934,277.5027398300171
970.0078108215332,279.537254486084
965.3242462158203,281.27134704589844
960.7397451782226,282.371140794754
959.1003032201529,277.6474986530654
957.4606756979227,272.9233218546398
#
