-901.63,239.99499186635018
-901.6299999999999,235.00181723713874
-901.63,229.9993263284149
-901.63,225.00672368774627
-901.63,220.0087087461166
-901.6299999999999,215.00672466268384
-901.63,209.99047248001008
-901.63,204.99181366339326
-901.6299999999999,199.99203757929752
-901.6299999999999,195.00901014326212
-901.63,190.00987547600613
-901.63,184.99432149337605
-901.6299999999999,179.9999701206931
-901.63,175.0042159048631
-901.6299999999999,170.00752389145123
-901.63,164.99777325234234
-901.63,159.9936935915053
-901.63,154.99493188067106
-901.63,149.99951796341844
-901.6299999999999,145.0036721979605
-901.63,139.99613810982788
-901.63,135.00568266725895
-901.941167794466,130.31
-906.938716455698,130.31
-911.941158514768,130.31
-916.9448043668272,130.31
-921.44,129.81638331413268
-921.44,124.80210725665091
-921.44,119.81517273321748
-921.44,114.80966726079583
-918.05704846384,113.2
-913.0531347204256,113.20000000000002
-908.0480572148249,113.20000000000002
-903.054686346054,113.2
-901.63,109.61804360533134
-901.63,104.61115546226503
-901.63,99.62263846471906
-901.5872896957397,94.61368918418884
-901.2316847133636,89.63674785375595
-900.4614056396483,84.70260238647461
-899.202841644287,79.8552770614624
-897.3983034896851,75.20417212486267
-894.9893286037445,70.81976844549179
-891.9807162094116,66.8364696407318
-888.4056904125213,63.3384152507782
-884.3491221237182,60.417741203308104
-879.9206707763672,58.13599792480469
-875.2053647899627,56.478785429000844
-870.3243666148186,55.40842779874801
-865.3504887390136,54.85313888549804
-860.3480497741699,54.741962890625
-855.3639422607421,55.09753906249999
-850.4266174316407,55.897815551757816
-845.5533947753906,56.93159484863281
-845.0631940995715,61.02628194678575
-845.8508837942966,65.9542480796203
-846.6398549058847,70.890231048204
-848.3155114746094,74.55282897949219
-853.251517944336,73.85105712890625
-858.2455174255371,73.59123596191407
-863.2406243133544,73.95001205444336
-868.02158744812,75.3578953552246
-872.1858761596679,78.09133728027344
-875.25501663208,82.00072944641113
-877.1969502639771,86.60052003860473
-878.2104765701293,91.49004991531372
-878.5457771301269,96.48144416809083
-878.55,101.47221867395565
-878.55,106.47473544758978
-878.55,111.48236885070801
-875.2768163492507,113.19999999999999
-870.2787187175452,113.20000000000002
-865.2684309432491,113.20000000000002
-860.2710780747793,113.20000000000002
-855.2825176452286,113.2
-852.18,115.09644321084022
-852.18,120.10997300371528
-852.18,125.10674763279036
-852.18,130.1059270976484
-856.9706963892629,130.31
-861.9804745341023,130.31
-866.9837339960038,130.31
-871.9807314346893,130.31
-876.979407491684,130.31
-878.55,133.74346603460378
-878.55,138.73505542054772
-878.55,143.73269839021174
-878.55,148.73147046676604
-878.55,153.74032711519249
-878.55,158.73624674797844
-878.55,163.74198703380534
-878.55,168.73201639843046
-878.55,173.74115405579795
-878.5500000000001,178.74092762947083
-878.55,183.72911926477678
-878.55,188.72785077591396
-878.55,193.7398894525955
-878.55,198.72627566725802
-878.55,203.74135364721093
-878.55,208.73238025747702
-878.55,213.7265119843185
-878.55,218.73687636416167
-878.55,223.72630240205763
-878.55,228.72560601945733
-878.55,233.72858060857834
-878.55,238.73019641684368
-882.283852257952,240
-887.2755583810806,240
-892.2757525061816,240
-897.2888285398483,240
#
-803.4342058849334,240
-808.4259658340667,240
-813.4233171324432,240
-818.4280212997389,240
-823.4299388080649,240
-826.52,238.08585367150573
-826.52,233.0845405128013
-826.52,228.0934450072118
-826.52,223.08853431943135
-826.52,218.0850838848637
-826.52,213.09943878839888
-826.5200000000001,208.09160801692082
-826.52,203.08818547583815
-826.5199999999999,198.08835786320176
-826.5200000000001,193.08512678276844
-826.52,188.08772048766596
-826.52,183.09735921567102
-826.52,178.0929370449977
-826.52,173.09590011920548
-826.5199999999999,168.09304134922223
-826.52,163.08468605867077
-826.52,158.08624300930882
-826.52,153.09556901431282
-826.52,148.09289958344098
-826.52,143.09156793352187
-826.52,138.08826904093914
-826.52,133.09668560316177
-826.52,128.09805630829305
-826.52,123.09172903240727
-826.52,118.09484012486845
-826.52,113.09459077909327
-826.52,108.0824132879361
-826.52,103.08471696363762
-826.52,98.08809262925075
-826.52,93.08925234103575
-826.52,88.0978018037253
-826.52,83.09120643860427
-826.52,78.0938168687357
-826.52,73.09339080616832
-826.52,68.09506153732855
-826.52,63.09106843132031
-826.52,58.087385923117395
-822.4185772798769,57.19
-817.4273656511866,57.19
-812.4233132827281,57.19
-807.4256106857397,57.19
-803.43,58.19571135613835
-803.43,63.19438842883886
-803.4300000000001,68.19688542498338
-803.43,73.19303575401467
-803.43,78.20522176723665
-803.43,83.20019015083733
-803.4300000000001,88.20122457146644
-803.4300000000001,93.19825649593258
-803.4300000000001,98.2018993640476
-803.4300000000001,103.20265440257499
-803.43,108.20389724925673
-803.43,113.20353871897163
-803.4300000000001,118.20601924443355
-803.43,123.20475408348557
-803.4300000000001,128.19620927629148
-803.4300000000001,133.1958202459893
-803.43,138.20474328469248
-803.43,143.20854024820295
-803.4300000000001,148.19331902031553
-803.43,153.19587883368453
-803.43,158.20283009676572
-803.4300000000001,163.20051435348722
-803.43,168.20778220489183
-803.43,173.19302966928754
-803.43,178.20447251310037
-803.43,183.20673305594732
-803.43,188.19453089845996
-803.4299999999998,193.2037451655435
-803.4300000000001,198.20295434680344
-803.43,203.198111139015
-803.43,208.2091498311862
-803.4300000000001,213.19756577454103
-803.43,218.19836305237277
-803.4300000000001,223.21086050336947
-803.43,228.19881711714046
-803.43,233.19475481952395
-803.43,238.20540768242645
#
-689.9911424541474,239.9943948507309
-690.9398930358886,235.09331199646
-691.7662626647949,230.15366477966307
-692.34181930542,225.19596412658694
-693.0476692390442,221.68542369127275
-696.185491027832,225.56675586700442
-699.6892597198487,229.1277694416046
-703.5243915557862,232.35365262031556
-707.6170142364501,235.21837040901184
-711.9452821159363,237.71982270240784
-716.5143639945983,239.7399967288971
-721.2925119018555,241.21894546508787
-726.1952294921875,242.12217041015626
-731.1972527313233,242.4571612930298
-736.1867903137207,242.32305948257448
-741.1611840820312,241.80629058837889
-746.0601251220703,240.83442970275877
-750.8249126052856,239.3236429452896
-755.348295173645,237.20028646945954
-759.4974953079223,234.42563814640044
-763.1457421875,231.02375
-766.2277280712126,227.07971923828123
-768.6521147155761,222.71824218749998
-770.4143627929687,218.0403125
-771.5496891784667,213.17636718749998
-772.1337196636199,208.21719970703123
-772.2447229099273,203.21711204528805
-771.8054750061035,198.23682983398436
-770.6950311660767,193.36950775146485
-768.8503751468658,188.72005088806154
-766.287257502079,184.43967626571657
-763.0785810947418,180.613341293335
-759.3447529625892,177.28268255233766
-755.2330695533752,174.4472293519974
-750.8448569488525,172.0722751045227
-746.2342722320558,170.13177370071412
-741.4758007240296,168.60096985340118
-736.611824131012,167.43837154865264
-731.68291015625,166.60426269531249
-726.7051293373108,166.05882690906526
-721.7240925455094,165.76945240139958
-716.7276454311609,165.7
-711.7222759880591,165.7
-706.722504992485,165.69999999999996
-701.7309154938906,165.7
-696.7255199837406,165.7
-692.57,164.8577433976531
-692.5699999999999,159.85220604281872
-692.57,154.85120019674304
-692.7298484039306,149.85592780113222
-693.6707873535156,144.9533348083496
-695.6040393066406,140.35683944702149
-698.5590201568604,136.3473298549652
-702.3921626281738,133.1336741256714
-706.8461693191529,130.9048824596405
-711.6647749328613,129.60133159637454
-716.6354243469239,129.0617454147339
-721.638046875,129.13252197265626
-726.5762255859374,129.8709474182129
-731.3079821777344,131.42691532135012
-735.6466879272461,133.90702744483949
-739.3525065517425,137.24427395820618
-742.1285058593749,141.391298828125
-743.5221655273438,146.16372314453128
-746.462565827826,148.36
-751.4614958556741,148.36
-756.4648080538865,148.36
-761.4635121943895,148.36
-765.9313533878326,147.6329905128479
-765.6973816132546,142.64758471012115
-764.4886121964454,137.80642191410064
-762.3891509270668,133.2700401163101
-759.5835908532142,129.14254118442534
-756.2508436417579,125.42178324222564
-752.5361642456054,122.07251403808594
-748.5075932121276,119.12763942718506
-744.1662151336669,116.63052352905274
-739.5960834074021,114.61314871788024
-734.849022746086,113.06225127220154
-729.9659059095383,111.94978468894959
-725.0306881713867,111.24695251464843
-720.0339938163756,110.90625606536865
-715.0279105114936,110.89104585647583
-710.0563817214966,111.19116973876952
-705.0887629699706,111.85154418945311
-700.2008840107918,112.91588060379027
-695.4451348876953,114.42480957031249
-690.8706701374055,116.41476509094237
-686.5230260086059,118.91748809814453
-682.5203975319863,121.89496660232543
-678.9250542855262,125.36885637283325
-675.8724785447122,129.32348360061644
-673.4349176406861,133.67108673095706
-671.615821313858,138.33362312316893
-670.3962191224098,143.17622804641724
-669.7082087802887,148.12869453430176
-669.480613565445,153.11840156555178
-669.4799999999999,158.1143769238959
-669.48,163.12416730513942
-669.48,168.1201281729722
-669.48,173.11581182620867
-669.48,178.12136717259563
-669.48,183.12022449942305
-669.4800000000001,188.11634323494508
-669.48,193.11910511212628
-669.48,198.12983301955973
-669.48,203.12788000985017
-669.48,208.11796087749534
-669.48,213.1181077070534
-669.4280355262757,218.1205783176422
-669.1821133422851,223.1218653869629
-668.7205930328369,228.0988540649414
-667.951124572754,233.02417602539063
-666.8113916015625,237.89947265625
-669.0106999139931,240
-674.006206918147,240
-679.0176641337225,240
-684.0174858237244,240
-689.0130516414158,240
-724.2854993343352,222.95844920158385
-719.3431138610839,222.24176681518554
-714.527712392807,220.93765719413756
-709.9031736540794,219.039204852581
-705.5429290771484,216.57910461425783
-701.4933538818359,213.6613555908203
-697.8344921016694,210.26514935493466
-694.7635882568359,206.3201837158203
-692.57,201.85084838867186
-692.57,196.839371172376
-692.5699999999999,191.8416209602356
-692.57,186.84290648330003
-692.57,181.84153518915176
-697.0076456757774,181.28999999999996
-702.0120945780586,181.29000000000002
-707.0156352186158,181.29000000000002
-712.0011468675733,181.29
-717.0032949519158,181.29
-722.0102448749542,181.40948625326155
-726.972154083252,182.03790828704834
-731.7978155517578,183.30333724975583
-736.3668013000488,185.306403465271
-740.5102254104614,188.0885195827484
-744.1062734985351,191.57250335693357
-746.9251059722899,195.67536949157716
-748.6705130767821,200.35283836364746
-749.1657732486725,205.31522369384766
-748.5401788711547,210.25479125976562
-746.6293203830718,214.86339019775392
-743.3948413085938,218.6513549804687
-739.1391658687592,221.24611483573915
-734.3520854091644,222.63339198112487
-729.3843938827515,223.11629009246826
#
-641.0099998009205,178.94253191471097
-640.9179456329346,173.95316314697266
-640.6286719512939,168.95186920166014
-640.1253575325013,163.99089881896973
-639.381609210968,159.03389625549318
-638.3838577270508,154.15263305664064
-637.0995559692382,149.31620727539064
-635.5103217315674,144.5707827758789
-633.6022513008118,139.95855445861818
-631.3496355485916,135.48736993789674
-628.7547216844558,131.21498376846316
-625.8100771546364,127.17681732833387
-622.4897333145141,123.44708834648134
-618.7704914188384,120.09113077878953
-614.6999566650389,117.21175704956056
-610.3006625461578,114.85213284254074
-605.6242470645905,113.04421667814255
-600.7990101623535,111.80592571258545
-595.8493629455565,111.09238658905029
-590.8449782657624,110.86011175870895
-585.8578511047364,111.06830902099611
-580.9088719296454,111.75527017116546
-576.0707405090332,112.97801849365234
-571.4067852783203,114.78294311523437
-567.0096899414062,117.17412841796876
-562.9535827732086,120.08705103874206
-559.2864062499999,123.47546874999999
-556.0376745986938,127.27718975067138
-553.9566214168071,127.76887972235679
-553.1186547171883,122.83948842531069
-552.281472667139,117.9147128782235
-551.2605411219598,113.20000000000002
-546.2565159606934,113.2
-541.2576618599892,113.2
-536.2640293034912,113.19999999999999
-533.08,115.02687591586728
-533.08,120.00987776431722
-533.08,125.02332013559062
-533.08,130.01592491809168
-533.08,135.00934624579094
-533.08,140.02532897139935
-533.08,145.0242180632933
-533.08,150.01411188562378
-533.08,155.0144711627883
-533.08,160.0200969824011
-533.08,165.0131713792536
-533.08,170.0167939388343
-533.08,175.0125515959491
-533.08,180.01893732010734
-533.08,185.00848460069682
-533.08,190.01099400723723
-533.08,195.01845595916797
-533.08,200.01861671820683
-533.08,205.0146017519757
-533.08,210.01861758935155
-533.08,215.01353105690504
-533.08,220.01998571214534
-533.0799999999999,225.01809104135936
-533.08,230.02141142977342
-533.08,235.01550113891716
-533.08,240.01401520967482
-533.1957070398331,245.0122200489044
-533.6455394983292,249.9862404346466
-534.4821292877197,254.91340408325192
-535.7579122352599,259.7518510818481
-537.5200264930725,264.4401420974731
-539.7917892694472,268.8882370471954
-542.5765171051025,273.02206253051753
-545.8695580530167,276.79771504402163
-549.5817838096619,280.12593510627744
-553.6852809286117,283.0017094159126
-558.0767921590805,285.3869205975532
-562.6853662109376,287.30112548828123
-567.4503087377548,288.78038707017896
-572.3291052246094,289.8690167236328
-577.2810350179673,290.60945615053174
-582.2671713256836,291.04227737426754
-587.2503812170028,291.20618273973463
-592.2655695343017,291.0872511291504
-597.2415723419189,290.63297744750975
-602.1724451446532,289.88685195922847
-607.0741027832031,288.8830297851563
-611.9282594585419,287.6421895885467
-616.6809289836883,286.1450214672089
-621.3621928405762,284.34005538940426
-625.8749578380584,282.2170709514618
-625.2894760704041,277.86075186729425
-623.7329571639513,273.0982290016464
-622.1785396790505,268.34213591217997
-620.4374890136719,264.0737951660156
-615.9472918510437,266.25383478164673
-611.2671806144714,268.0063624000549
-606.4636732292175,269.40539102554317
-601.5923653411866,270.49446743011475
-596.6494870567321,271.26108931541444
-591.6749349975586,271.6804991149902
-586.6683102321624,271.73942626953124
-581.6818743896484,271.41828125
-576.7425033473969,270.61723876953124
-571.9556225585937,269.19312499999995
-567.4889056396485,266.97828125
-563.6018750000001,263.83834960937503
-560.57046875,259.89325927734376
-558.4201092529297,255.37868445396418
-557.0726635742187,250.57586391448973
-556.3654901123047,245.624379491806
-556.16,240.62311590075493
-556.16,235.6216445195675
-556.16,230.62018165588375
-556.6496759033203,227.0266595458984
-560.0012684345245,230.72928587913512
-563.7697370624542,234.0085833644867
-567.9169649124144,236.7854806137085
-572.4031097602842,239.0193137741089
-577.1104625129699,240.6626905441284
-581.9965596199036,241.75091869354247
-586.9471537971497,242.32526988983153
-591.9448670864105,242.45256309747694
-596.9457162094116,242.1667873477936
-601.8853637313844,241.43019211769104
-606.7335471248628,240.19151949167252
-611.4048272323608,238.42177399635315
-615.8273431396485,236.1149586486816
-619.9434533309936,233.28916092872618
-623.7099494075775,229.98691477060316
-627.0845936489105,226.29097130060197
-630.0612128448487,222.29853132247925
-632.6815037727356,218.0237443113327
-634.9087512207032,213.5490475463867
-636.7534060668945,208.90925224304198
-638.231308670044,204.14337308883665
-639.367915725708,199.2712647819519
-640.1847564888001,194.33637900829314
-640.7097912788391,189.36052314281463
-640.9700439453125,184.36477416992187
-641.01,179.37849929809568
-617.7986334800719,185.97908371448517
-617.3582553100586,190.96084419250488
-616.5444864463805,195.89445427417755
-615.2964269065856,200.74203785419465
-613.5624023437499,205.4183251953125
-611.283984375,209.86908203125
-608.421672859192,213.97661834716797
-604.8969091343879,217.49556928634644
-600.7310158157348,220.2654977416992
-596.1202778625488,222.17911010742185
-591.2597731137275,223.28284727096556
-586.2860106372834,223.69795280456543
-581.2854809570313,223.5288018798828
-576.3545326614379,222.70507069587705
-571.6208325195312,221.0934991455078
-567.2916355800629,218.63138533592226
-563.4402785873414,215.44978542327883
-560.1072045898437,211.72376708984376
-557.303016204834,207.59213729858396
-556.1599999999999,202.89074258327486
-556.16,197.89046581271106
-556.16,192.8867491865158
-556.16,187.88170095026493
-556.16,182.882080447654
-556.16,177.88680908051668
-556.16,172.89370831087348
-556.16,167.88877043123358
-556.1600000000001,162.88697692265617
-556.16,157.89412349700928
-556.16,152.89206157624722
-556.16,147.88606631100177
-558.4282411670684,143.5390604305267
-561.5660870361328,139.63863708496092
-565.2092900466919,136.2343169784546
-569.3233510398865,133.40258990287782
-573.8777452659607,131.34570132255556
-578.7093442344665,130.1183739757538
-583.6835237693787,129.63033495903017
-588.6890346908569,129.7936480331421
-593.601491689682,130.69639075279235
-598.2599780273438,132.44960693359377
-602.5089786434173,135.09708510398866
-606.1414594173432,138.50013960838317
-609.1414337515831,142.49770581960678
-611.5716111373902,146.87570229530334
-613.5446063232422,151.4655140686035
-615.0953614425658,156.205480966568
-616.2688559246063,161.07371528863908
-617.0965384197234,165.99776695489882
-617.6226395797729,170.97763695716856
-617.8800215435027,175.96069393396377
-617.92,180.95879808425903
#
-442.38557841598987,282.65842517957094
-447.1573196125031,281.17934356451036
-451.8406718158722,279.4343067526817
-456.3996390247344,277.38828176259995
-460.7950597000122,274.99963500022886
-464.96365539550777,272.2319956970215
-468.8261433792114,269.05891882896424
-472.2965172195434,265.4692193508148
-475.29435233831396,261.47384679079056
-477.8439956569671,257.1728950977325
-479.9656560873985,252.64944779634476
-481.65744567871087,247.9412774658203
-482.92438903808585,243.10984191894528
-483.79174667358393,238.1900337219238
-484.28910030126565,233.2193849301338
-484.4499793791771,228.21837607622146
-484.45,223.21216503750532
-484.45000000000005,218.21675845790654
-484.45,213.22093207597734
-484.44999999999993,208.21466557741164
-484.4574528503417,203.22465621948243
-484.789570493698,198.23918025016783
-485.72031993865966,193.31600994110107
-487.3981083679199,188.62327072143555
-489.96166460990906,184.3454198741913
-493.47141584396365,180.8043279647827
-497.792479171753,178.33093368530274
-502.5831560516357,176.92514877319337
-507.5535149383545,176.39348373413085
-508.94000000000005,172.7580273862183
-508.94,167.755
-508.94,162.75197261378167
-507.55351493835445,159.1168691635132
-502.5831560516358,158.59319362640377
-497.7924791717529,157.2085338973999
-493.4423217582703,154.75035994529725
-489.91671748161315,151.22708437919616
-487.3570774364471,146.96318285942078
-485.6880932617187,142.24561279296873
-484.77848322868346,137.33548586845396
-484.4566477584839,132.3532130050659
-484.45,127.34390862497034
-484.45000000000005,122.353701069355
-484.45000000000005,117.35036422138568
-484.45,112.3418236041069
-484.45,107.34439714431763
-484.2951147079467,102.34906600952148
-483.8064012050628,97.37224391937255
-482.9504514670371,92.45010138511657
-481.69777084350585,87.62074645996094
-480.0167957282066,82.90401724815368
-477.9060964107513,78.37909358978271
-475.35836166381836,74.07014099121093
-472.3621821594238,70.07123088836671
-468.8900973987579,66.4772847056389
-465.0365112018585,63.31014460325241
-460.8601753616332,60.53630785942077
-456.4712447834014,58.1500299334526
-451.91843937873836,56.104505240917206
-447.2409459400177,54.35836437940598
-442.4580619168281,52.872067949175836
-440.785635649059,57.51071114102378
-439.16750794092195,62.2408883006312
-438.0909814453125,66.68971435546875
-442.7279370307922,68.54733386039733
-447.0595555305481,71.05817103385924
-450.8888258552551,74.24392954826354
-454.0896962165833,78.09458079338073
-456.54341125488287,82.44497375488281
-458.3987682056427,87.0863170337677
-459.7480004882813,91.88112548828126
-460.6562923049927,96.80094074249268
-461.174435005188,101.76986469268799
-461.3581443500519,106.76795880317688
-461.36,111.76764806747437
-461.36,116.77686968524009
-461.36,121.76568540047853
-461.36,126.76825878351927
-461.3606838989258,131.7681118774414
-461.60257514953616,136.77050392150878
-462.3174632453918,141.71004358291623
-463.5625392341614,146.5529674720764
-465.3710719490051,151.20750604629515
-467.76167863845825,155.59631581306456
-470.7619432258606,159.6017172718048
-474.30564149856565,163.1059269428253
-478.32496772766115,166.0858620071411
-479.9039953613281,168.58799133300784
-475.7720490264892,171.39302509307856
-472.0601733589172,174.72411618232726
-468.8521887207031,178.57038879394528
-466.2432093048095,182.8244314575195
-464.2125471687317,187.38217414855956
-462.73977083206177,192.16494087219235
-461.8164075469971,197.0739431762695
-461.39761919021606,202.06183723449706
-461.36,207.06130956713108
-461.36000000000007,212.05496157723013
-461.36,217.04648958238306
-461.36,222.05214495604392
-461.36,227.04963930059222
-461.27111256837844,232.05112590312956
-460.8691985797882,237.0429189872742
-460.0954028320312,241.9781591796875
-458.89137387275696,246.81804105758667
-457.18709561347964,251.52808927536012
-454.92909456253057,255.97369313240054
-451.94417421340944,259.9804889392853
-448.29063035964964,263.3697372150421
-444.09366241455075,266.09965896606445
-439.5500001192093,268.1736299824714
-438.6617710316181,271.69558493971823
-440.2682406322658,276.4327863420546
-441.87363175401464,281.1668074963801
#
-423.26999980539085,178.94253191471097
-423.18001272201536,173.95316314697266
-422.89723470687863,168.95186920166014
-422.4052222585678,163.99089881896973
-421.67817487239836,159.03389625549318
-420.6971703100204,154.12788917541502
-419.4404621648788,149.29259254455565
-417.8856314611435,144.5483310699463
-416.00958665370933,139.91603919982913
-413.7994274902344,135.43728515625003
-411.23488348007197,131.1304458618164
-408.32021972656247,127.0659783935547
-405.0283182525635,123.32735453605653
-401.32018686294555,119.963100001812
-397.24860748291013,117.08451305389404
-392.835469455719,114.73472361326216
-388.16145590305325,112.9545381373167
-383.30856353759765,111.7412665939331
-378.3532876586914,111.0609153366089
-373.3635120773315,110.8604186630249
-368.3674342632293,111.09515883445741
-363.4279428386688,111.80460844993591
-358.58743209838866,113.05453109741211
-353.94237307548525,114.88904967308045
-349.57930011749266,117.30654006958008
-345.550439453125,120.2626953125
-341.91388112068176,123.70490039825438
-338.71804370880125,127.53398513793945
-337.3493296148628,123.88282881332562
-336.2342644071579,118.99949912428855
-335.12268522739413,114.1314361870289
-330.85702587073666,113.2
-325.8676596798003,113.20000000000002
-320.874416294191,113.2
-317.34,114.66491152932868
-317.34,119.68235654116289
-317.34000000000003,124.68444534287411
-317.34,129.67584867805562
-317.34,134.68194641627923
-317.34000000000003,139.6716815794818
-317.34,144.6734676810305
-317.34,149.68065790628316
-317.34,154.67781168397556
-317.34,159.66826556849992
-317.34,164.68463038271295
-317.34,169.681173367104
-317.34,174.675925706386
-317.34,179.67741989995153
-317.34,184.66619301709727
-317.34,189.67215477975242
-317.34,194.67955236927372
-317.34,199.67320374132993
-317.34,204.67060767696293
-317.34,209.67335804306913
-317.34,214.68263094028225
-317.34,219.6829657051785
-317.34,224.67386644458827
-317.34,229.6838020751602
-317.34,234.67671967793012
-317.34,239.67449152678745
-317.34,244.6779166185297
-317.34,249.68075878889067
-317.34,254.66799243814876
-317.34,259.67533252515534
-317.34,264.6741934791654
-317.34,269.6707940744018
-317.34,274.6807568900287
-317.34,279.68133430508897
-317.34,284.6690320151858
-318.27334885120393,288.75
-323.2686824632529,288.75
-328.2716960293054,288.75
-333.2754034569114,288.75
-338.2694152546674,288.75
-340.42,285.903727824986
-340.42,280.90780652787066
-340.42,275.8956471557758
-340.42,270.90723233821336
-340.42,265.9100413255772
-340.41999999999996,260.9093284159462
-340.42,255.91283351182938
-340.41999999999996,250.91157321687788
-340.42,245.91322914631746
-340.42,240.9043528442242
-340.42,235.9077089430852
-340.42,230.89627217501402
-341.8553386688232,229.65110961914064
-345.4971630096436,233.07625610351562
-349.53013114929195,236.0126330566406
-353.92062864303585,238.41497222900392
-358.55748207092284,240.23333209991455
-363.41209022521974,241.48756977081297
-368.3415860939026,242.20575917243957
-373.3423133277893,242.45816868782046
-378.3419601821899,242.2931114959717
-383.30339470148084,241.6871501493454
-388.1742369294166,240.5892855787277
-392.90468872308725,238.9541824674606
-397.3979980492591,236.77160678386684
-401.592325592041,234.0517965698242
-405.4115868592262,230.8568818616867
-408.85706472635263,227.2268483686447
-411.9063009643554,223.25791850090025
-414.56705932617183,219.03663677215576
-416.84658012390133,214.5873844408989
-418.7430553436278,209.96225407361985
-420.2719469451904,205.20052693128582
-421.45371551513665,200.34552660942077
-422.3168701171875,195.42030807495118
-422.88900016784663,190.4471825861931
-423.19629606246946,185.4607187002897
-423.27,180.46593521118163
-400.12263408899304,184.8950150942802
-399.7698536682128,189.87987960815428
-399.0718552494049,194.8263821697235
-397.9739725112915,199.70263439178467
-396.4193571567535,204.45595637321475
-394.3615332889557,209.0057409954071
-391.76134809494016,213.2739992809296
-388.50783811569215,217.06192294120788
-384.5721125745773,220.142131049633
-380.10481166362763,222.36667555570602
-375.2977780151367,223.7349101257324
-370.3490377807617,224.3445048522949
-365.34531982421873,224.32674560546874
-360.3934693431854,223.6502675151825
-355.62154968261723,222.18757019042965
-351.2067486572266,219.86512451171873
-347.2591412353516,216.81258544921874
-343.80791039466857,213.18438884735107
-340.88973648071294,209.1251385498047
-340.42,204.26043522387744
-340.42,199.26117245752368
-340.42,194.25992744868446
-340.41999999999996,189.27220366374416
-340.41999999999996,184.2630732386187
-340.41999999999996,179.27179154273122
-340.41999999999996,174.26264162366743
-340.42,169.26517316991965
-340.42,164.27295905828475
-340.42,159.2593990886258
-340.42,154.2716455404693
-340.4200000000001,149.2677595247468
-340.4825818729401,144.2823886203766
-343.4471961975098,140.25756118774413
-346.9338905334473,136.67491958618163
-350.8959765625,133.6544140625
-355.31511657714844,131.30785568237303
-360.0779881286621,129.81371929168702
-365.01910945892337,129.111753950119
-370.0108551025391,129.08926330566408
-374.9615385079383,129.78000244379047
-379.7159262943268,131.32109429359437
-384.06391128540037,133.76603286743165
-387.83841393470766,137.04493691444395
-390.9393653202057,140.95168663978578
-393.4238407206536,145.280117855072
-395.45235323667526,149.85745626449585
-397.05723033905025,154.57749114990236
-398.28980392456054,159.43202514648436
-399.1801578974723,164.3483505821228
-399.77024668693537,169.30618247985836
-400.09719252347946,174.31144399642943
-400.19,179.30245802164077
#
-173.55000019550326,181.41669417783618
-173.66292266845704,186.40637598991393
-174.01848518371582,191.39397320508957
-174.64256904602053,196.35186156034467
-175.56448488235475,201.26972654521464
-176.81080940246585,206.1126871943474
-178.40635040283206,210.8472930431366
-180.37393562316896,215.4416948771477
-182.7288581085205,219.85674803495405
-185.468828125,224.04074951171873
-188.57910538434982,227.9374238157272
-192.09023356437683,231.48923032760615
-195.9908507227898,234.6112315702438
-200.25133623838425,237.2391961622238
-204.79094683408732,239.31911071300505
-209.54378046989441,240.84807584762572
-214.4505871105194,241.8500485038757
-219.4216376876831,242.3624077606201
-224.42390640258787,242.44271362304687
-229.41581604003903,242.13245605468748
-234.34307358741756,241.38997550964353
-239.18109561920164,240.1504293823242
-243.8633935546875,238.3536279296875
-248.2509567260742,235.99962371826172
-252.32566886901853,233.08105827331545
-255.9835107421875,229.6768701171875
-258.51,227.88886984840036
-258.51000000000005,232.90195351565023
-258.51,237.89625022524123
-258.51,242.88531848594545
-258.51,247.8984101798429
-258.51,252.89212584061576
-258.51,257.8912081063981
-258.51,262.8871181847769
-258.51,267.8926168649341
-258.51,272.88663870559685
-258.51,277.89897941090544
-258.51,282.8902154221269
-258.51,287.89728071661665
-262.6495618260559,288.75
-267.64839944942855,288.75
-272.65015491214575,288.75
-277.6486309210211,288.75
-281.59,287.69688118271296
-281.59,282.68170599448354
-281.59000000000003,277.6854061188051
-281.59,272.6862152195447
-281.59,267.6836160684857
-281.59,262.6816086993991
-281.59,257.69365654460216
-281.59,252.6950549436151
-281.59,247.68830039069542
-281.59,242.6836604584605
-281.59,237.67885729383414
-281.59,232.6920213237883
-281.59000000000003,227.68993222319023
-281.59,222.69473236746416
-281.59,217.6950362171765
-281.59,212.69250894497952
-281.59,207.6873000729467
-281.59,202.67854566719416
-281.59,197.69697290351178
-281.59,192.69277323492423
-281.59,187.68081777814822
-281.59,182.69230156130104
-281.59,177.69596341141732
-281.59,172.69444071167527
-281.59,167.6928175112198
-281.59,162.68461495857917
-281.59,157.68303946403023
-281.59,152.67888479172888
-281.59,147.68665076105592
-281.59,142.6820780421258
-281.59,137.67872951460066
-281.59,132.67877545622923
-281.59,127.67794716586795
-281.59,122.68499652460214
-281.59,117.69364618372492
-281.0796505451202,113.2
-276.07764434028644,113.19999999999999
-271.06969836072994,113.20000000000002
-266.06914123535154,113.2
-263.2883247676678,115.96517646351828
-262.2098707474652,120.84050166228555
-261.13025932908056,125.72105906605722
-259.69264023780823,128.7800984287262
-256.57298485755916,124.85771599769592
-253.05004150390627,121.33558837890624
-249.10274475097657,118.24381896972656
-244.83612125396732,115.67880558013916
-240.25285762786865,113.65933471679686
-235.46945937156678,112.21967254638672
-230.55932806968684,111.32000213623047
-225.58174567222594,110.90486541748047
-220.57343221664428,110.92099877595902
-215.59307287216186,111.39038054704666
-210.691481552124,112.36936879158019
-205.93836631774903,113.90025135993957
-201.41220359802247,115.99993893623352
-197.17700277328493,118.65954171419145
-193.31224609375,121.81573486328125
-189.8311676597595,125.41009074449539
-186.7507027244568,129.34976769685747
-184.04611610412599,133.54821418762208
-181.69147909641268,137.94894405841825
-179.6703928565979,142.53670228958129
-177.98535227417946,147.23880951046945
-176.60795141696934,152.04411694049833
-175.51796572208406,156.91901543140412
-174.6897091150284,161.8548594713211
-174.10319523453717,166.81825914502144
-173.7353800201416,171.8030005645752
-173.56614166259766,176.80555938720704
-196.63073158740997,178.55043726205824
-196.7691110420227,173.55696785926818
-197.16958320617672,168.56890628814696
-197.86295783996582,163.63519077301024
-198.89416981220242,158.7332807946205
-200.29609394550323,153.93504730463027
-202.10725105285644,149.27534030914308
-204.3518017578125,144.81814697265625
-207.08531738281252,140.62772705078123
-210.41987739562987,136.90306598663332
-214.36150407791138,133.83862553596498
-218.80870653152465,131.59392048835755
-223.60992344379423,130.21380692720413
-228.5715922212601,129.64245732545854
-233.56102828979493,129.74935470581056
-238.5071708679199,130.52010665893556
-243.2595390319824,132.06821701049807
-247.64451533317563,134.4502786064148
-251.55970397949218,137.52708862304686
-254.98092998504637,141.19136344909666
-257.8243410015106,145.288648815155
-258.51,150.10775519632037
-258.51,155.09898395118537
-258.51,160.1012619840677
-258.51,165.09781699821733
-258.51,170.11055687673942
-258.51,175.10624421873362
-258.51,180.105997519629
-258.51,185.10024739861285
-258.51,190.10407287129348
-258.51,195.10784803977003
-258.51,200.10059517140732
-258.51,205.09703504296021
-257.3189099407196,209.78214985847472
-254.35866717338558,213.79677861213685
-250.82026362419128,217.3284615802765
-246.767073469162,220.24845185279847
-242.26399577140808,222.3993750095367
-237.4475292491913,223.73005356788633
-232.48701217651364,224.337052154541
-227.4886022567749,224.34209143638608
-222.5321660518646,223.72529922246935
-217.7318820095062,222.36545572042462
-213.24121093749997,220.17600585937498
-209.24301448822018,217.17102042198178
-205.87874023437502,213.49954833984373
-203.12075485229494,209.33888454437258
-200.88998950004574,204.86062783956527
-199.17675745964047,200.15886363744735
-197.94698122978207,195.31733960866927
-197.14724757194517,190.3801659750938
-196.72739303588867,185.40730434417725
-196.63,180.40942382812497
#
-71.48000138282777,206.36255923748018
-72.16925113677979,201.43722547531127
-74.3633839416504,196.96687431335448
-77.82202014923095,193.39055175781252
-82.09525897979736,190.7918408203125
-86.70273480415344,188.83980590820312
-91.44380359649658,187.27852050781252
-96.2647649884224,185.97476837158203
-101.14696136713027,184.8454910349846
-105.9991087937355,183.65697237730026
-110.8079514336586,182.31135185956953
-115.56316881418228,180.7814766573906
-120.25725121498107,179.02910716056823
-124.83058223962783,177.02365833997726
-129.25261239051818,174.70772974967957
-133.47044457435607,172.00497630119324
-137.32060737609862,168.81373462677
-140.578498840332,165.04374465942382
-143.08730211257932,160.72563061714172
-144.73767578124998,156.004033203125
-145.53972778320312,151.0878253173828
-145.60209945678707,146.0955433654785
-144.93874755859375,141.12947509765627
-143.50863607168193,136.35474643945693
-141.32331630468366,131.85798139810564
-138.4844272518158,127.75487793922423
-135.10762599945068,124.06561038970949
-131.32198208332062,120.79253529071808
-127.20083588123322,117.97807548999786
-122.78355653762816,115.65254426956177
-118.12996845722198,113.81866253376008
-113.31287544727326,112.46142242908478
-108.39855684280394,111.54658266067506
-103.44067924976349,111.02898453235626
-98.4335643196106,110.86009355545045
-93.4392321139574,111.00402650415897
-88.46562542915343,111.479378824234
-83.54522601366043,112.33243297815324
-78.7081329345703,113.61436584472656
-74.02871192216872,115.36408310174943
-69.55828698396682,117.61872568368912
-65.39830485582351,120.36990360498429
-61.59130620956421,123.60093220710755
-58.17400381088257,127.26608181953432
-55.28073577880859,131.34016311645507
-53.02876126766205,135.78699454545975
-51.4974566411972,140.54102210283278
-50.71651311874389,145.48735951423646
-50.80565368652344,150.45310485839843
-55.69820692444453,150.59
-60.70517620444297,150.59
-65.69703708255663,150.58999999999997
-70.70738795483484,150.59
-73.08619628906249,147.77992431640627
-74.48479104995727,142.99980256080627
-77.05547485351562,138.73096740722656
-80.4673112487793,135.08331634521483
-84.55863872528076,132.2025466156006
-89.14681460380554,130.28145895004275
-94.03908794403075,129.2675075531006
-99.0258473968506,129.0246262741089
-104.02683128356934,129.35163188934328
-108.92767295837402,130.33610301971436
-113.53045249938964,132.22806407928468
-117.48787597656249,135.26579833984374
-120.5032199859619,139.23126918792727
-122.22767908096313,143.90136572837827
-122.51771091461181,148.88278701782224
-121.42167057037352,153.73339126586913
-118.73086338043211,157.9207093811035
-114.77858588218687,160.94022837638855
-110.2390984725952,163.00837718963624
-105.48523864746093,164.60067077636717
-100.66550414085388,165.8978695964813
-95.7796552991867,167.005125105381
-90.92010223388671,168.11948379516605
-86.07577418804168,169.38332405328754
-81.27470088481903,170.81713096857072
-76.55332259654998,172.44391279459
-71.92443237304687,174.30373596191407
-67.40957441329957,176.45136841773987
-63.0772484588623,178.9435886001587
-59.015195503234864,181.85986874580382
-55.40096923828125,185.31617492675784
-52.427166328430175,189.33573132514954
-50.25057861328125,193.8249835205078
-48.92606311798096,198.6377571582794
-48.407000312805174,203.60457653999327
-48.57745422363281,208.59546630859376
-49.42154822587967,213.51852591514586
-51.0026953125,218.25859375
-53.32161145448685,222.68353514671324
-56.30994094848633,226.69380310058594
-59.831297829151154,230.22194693565368
-63.780195312500005,233.29300781249998
-68.03981808900834,235.89354254961015
-72.5657912182808,238.0281307911873
-77.27149327278138,239.69747876167298
-82.10825295686722,240.9354280400276
-87.0436224079132,241.7824124622345
-92.02592102050782,242.27602355957032
-97.02222199678421,242.45729197740553
-102.00428131103516,242.36071563720702
-107.00499716281891,241.96944035053252
-111.9419835138321,241.2475407457352
-116.82286041259765,240.14755645751953
-121.58985357761384,238.62877491474154
-126.17184808731079,236.66283250808715
-130.53784304142,234.21270874500274
-134.5854586648941,231.29754436969756
-138.2936189842224,227.9397895717621
-141.62263816833496,224.21683193206786
-144.47838415145873,220.10868063926696
-146.72750348567962,215.65724227666857
-148.27804006576537,210.91597289085388
-149.07978027343748,205.98161865234374
-149.02303527832032,200.99632629394532
-144.21401229664684,200.74
-139.2131941318512,200.73999999999998
-134.21507129011675,200.74
-129.22595813557504,200.74
-126.67708621978758,203.42132157325747
-125.60249526977537,208.30191959381102
-123.52667053222655,212.82362808227538
-120.36121337890623,216.68779357910154
-116.32878658294676,219.63383186340332
-111.85670253753662,221.83849800109863
-107.09643295288085,223.35173858642577
-102.16688472747802,224.18677619934078
-97.17970571517945,224.40748762130738
-92.18827276229858,224.1295586967468
-87.24797386169433,223.2882347869873
-82.51320638656617,221.71710523605344
-78.18039321899414,219.23428619384768
-74.58989028930664,215.78121002197264
-72.24840591430664,211.39386627197266
-71.48032570838929,206.48032388687133
#
18.517267723083496,181.52
13.52521719455719,181.52
8.51478280544281,181.52
3.52,181.52267003059387
3.5200000000000005,186.51860548035475
3.52,191.52322014473611
3.5200000000000005,196.52308737473797
3.52,201.522799582202
3.5200000000000005,206.51162560711848
3.52,211.52019240947993
3.52,216.52986631977137
3.52,221.51663739868673
3.52,226.52844713215018
3.52,231.5277552867122
3.52,236.51694160461426
2.00565673828125,240
-3.001256614401936,240
-8.00309570849873,240
-13.0079341506958,240
-18.00981799185276,240
-19.56,236.55158785138045
-19.56,231.56445799893754
-19.56,226.55754422023892
-19.56,221.54989876434905
-19.56,216.56824227819916
-19.56,211.5613609291029
-19.56,206.54959698287934
-19.56,201.5656105739181
-19.56,196.56069230646128
-19.56,191.55012709832255
-19.56,186.55545295906123
-19.56,181.56079354403784
-19.559999999999995,176.5589642524865
-19.56,171.55454497922545
-19.559999999999995,166.56597296525027
-19.56,161.5604617451562
-19.56,156.55272971663652
-19.56,151.55694471235972
-19.56,146.55326680046204
-19.559999999999995,141.55502919777194
-19.559999999999995,136.5589578328472
-19.56,131.5623006941804
-19.56,126.56328814988956
-19.56,121.56161499987053
-19.56,116.55895517153486
-19.560000000000002,111.55952038924235
-19.56,106.55562193042722
-19.56,101.55985011243959
-19.56,96.56173222500796
-19.56,91.56174578599651
-19.56,86.56158915400505
-19.56,81.56024756270229
-19.56,76.55921070205517
-19.56,71.55385711763137
-19.559999999999995,66.55436543688924
-19.56,61.55096651711938
-18.918619982600212,57.18999999999999
-13.928759257895871,57.19
-8.931985862031578,57.19
-3.9256166265066703,57.19
1.0718861996382476,57.19
3.52,59.743217732001206
3.52,64.74520894196525
3.52,69.73256169771834
3.5199999999999996,74.74326104774605
3.52,79.73818091968212
3.5200000000000005,84.74793257623911
3.52,89.74961354744599
3.5199999999999996,94.74550605719537
3.5200000000000005,99.74566338855307
3.5199999999999996,104.73696632426231
3.52,109.73324384991254
3.5199999999999996,114.7329077382991
3.52,119.73447496920824
3.52,124.73344232145696
3.52,129.73716437210976
3.52,134.74002416372298
3.52,139.74986787524074
3.52,144.73716834507417
3.52,149.7394748646015
3.5200000000000005,154.75068955375522
3.5200000000000005,159.7400381590746
5.128765464276075,163.13
10.12739684700966,163.13
15.139580748472362,163.13
19.337653819897678,161.6220912301098
22.193554507858643,157.51153714103827
25.05061938230559,153.39930741543617
27.895523865327995,149.3045803806334
30.752629124250085,145.19229252886117
33.60651818275451,141.0846338176727
36.460473467759726,136.97687978537783
39.30694348121091,132.8798994518057
42.164365272260945,128.76715600910956
45.02141326233745,124.65495058551431
47.87069412511395,120.55392454116634
50.723951702686314,116.44717473291647
54.030149202346806,113.2
59.030818424543824,113.2
64.02721676753833,113.19999999999999
69.02409246454016,113.20000000000002
74.02470769962062,113.20000000000002
79.02390581473708,113.2
78.58958478752056,115.91333812618919
75.58183540460188,119.91303437662951
72.57593458890915,123.91027240782975
69.57625051259996,127.8992434373498
66.56722605456133,131.90063527892053
63.5629997210257,135.8956465886914
60.56038939882245,139.88850893136296
57.55351622819901,143.88703999727966
54.54719155896921,147.88484166766227
51.54276423102711,151.88012025920153
48.53501296024304,155.8798190201196
45.52774520635605,159.87887480169536
42.53262269356754,163.86177987751142
39.52502207469196,167.8612783019664
37.999490427824206,171.87748977566605
40.915000454038385,175.94402927964927
43.826929987075275,180.00557472879535
46.739663737451195,184.06824189645704
49.65073551252485,188.12859094887972
52.56402189903282,192.19202893078736
55.48170553291915,196.2616001724033
58.39098172584407,200.31944475539356
61.31082330768608,204.3920258925442
64.22183068905771,208.4522851289379
67.13290959167648,212.51264412282654
70.04057290756057,216.5682390725991
72.95783157085728,220.63721756725988
75.86956278902247,224.69848640776706
78.78612712151374,228.76649645312608
81.69865390167806,232.82887493972203
84.61378061441705,236.894879799895
85.6546322804317,240
80.65543993908447,240
75.66719034273177,240
70.65637999753002,240
65.6584141131863,240
60.659585214555264,240
57.35998150479048,236.73055222168563
54.48084520336065,232.6378956609755
51.605651472979226,228.55084341613576
48.72976018440036,224.4627996009658
45.846529030501834,220.364322258234
42.97127034009259,216.27717767352007
40.09905639086675,212.19436115065358
37.2241090330109,208.10765912130478
34.34489282092275,204.01488896858444
31.466377761720796,199.9231154959998
28.59055795368789,195.83517328953985
25.70956596206408,191.73987888822333
22.835263982695174,187.65409425639317
19.960071885474026,183.56704433307053
#
195.23506172180174,258.05
190.2401409971714,258.04999999999995
185.2342884524353,258.05
180.24343813698042,258.05
175.2441868002154,258.05
170.23911538808375,258.05
165.23710057493534,258.05000000000007
160.23558729032055,258.05
155.23411908360197,258.05
150.23185611203314,258.05
145.2363258621283,258.05
140.24902267513798,258.05
135.24891661288916,258.05
130.23566601576982,258.05
125.23218952918194,258.05
120.24818721551681,258.05
115.23303908454022,258.05
110.23325502463385,258.05
105.24452042743565,258.05
100.2344064438343,258.05
95.23173455132172,258.05
90.24388265276328,258.05
87.08,256.20315878791735
87.08,251.20033175917342
87.08,246.21178604960443
87.08,241.21233904883266
90.86605189919472,240
95.86243538564072,240
100.86090250724926,240
105.8736953737284,240
110.86635413713056,240
115.869583047654,240
120.8761056590802,240
125.86090295283125,240
130.87792094001546,240
135.87963807205438,240
140.8629310155078,240
145.8682109630294,240
150.87656246782046,240
155.86665444990854,240
160.86888768315316,240
165.863359556105,240
170.86566034933554,240
175.87195681618527,240
180.87718708992003,240
185.87777184054255,240
190.86603935241698,240
195.24,240.63182541402057
195.24,245.63688620505854
195.24,250.63023494062946
195.24,255.63442596299575
#
290.39885754585265,239.9943948507309
289.45010696411134,235.09331199646
288.6237373352051,230.15366477966307
288.04818069458,225.19596412658694
287.34303636074065,221.68542369127275
284.2083547210693,225.56675586700442
280.68944664001464,229.14280658721924
276.86980688095093,232.35365262031556
272.7745729637146,235.21837040901184
268.4447178840637,237.71982270240784
263.8756360054016,239.7399967288971
259.0974880981445,241.21894546508787
254.19477050781248,242.12217041015626
249.20438366413117,242.45703079462052
244.2052638053894,242.32305948257448
239.23260467529295,241.80629058837889
234.33467643737788,240.83442970275877
229.57002433300016,239.3236429452896
225.0457349348068,237.20028646945954
220.8944605588913,234.42563814640044
217.2442578125,231.02375
214.16227192878722,227.07971923828123
211.73788528442384,222.71824218749998
209.97563720703124,218.0403125
208.8403108215332,213.17636718749998
208.25628033638,208.21719970703123
208.1452770900726,203.21711204528805
208.58452499389648,198.23682983398436
209.69496883392333,193.36950775146485
211.53962485313417,188.72005088806154
214.10274249792099,184.43967626571657
217.31141890525817,180.613341293335
221.04524703741075,177.28268255233766
225.15693044662478,174.4472293519974
229.54514305114748,172.0722751045227
234.15572776794434,170.13177370071412
238.91419927597047,168.60096985340118
243.77817586898806,167.43837154865264
248.70708984375,166.60426269531249
253.6848706626892,166.05882690906526
258.6659074544907,165.76945240139958
263.6623545688391,165.7
268.6677240119409,165.7
273.66749500751496,165.69999999999996
278.65908450610937,165.7
283.66448001625946,165.7
287.82,164.8577433976531
287.82,159.85220604281872
287.82000000000005,154.85120019674304
287.66015159606934,149.85592780113222
286.7192126464843,144.9533348083496
284.78596069335936,140.35683944702149
281.83097984313963,136.3473298549652
277.99783737182617,133.1336741256714
273.5438306808471,130.9048824596405
268.7252250671387,129.60133159637454
263.7545756530762,129.0617454147339
258.751953125,129.13252197265626
253.8137744140625,129.8709474182129
249.08201782226564,131.42691532135012
244.7433120727539,133.90702744483949
241.03749344825746,137.24427395820618
238.26149414062502,141.391298828125
236.86783447265626,146.16372314453128
233.92870575376554,148.36
228.93204384298994,148.36
223.93100175013066,148.36
218.92153947582466,148.36
214.45864661216737,147.6329905128479
214.69453948020936,142.63450006484985
215.9059032344818,137.79375680923462
218.0008490729332,133.2700401163101
220.81579586029054,129.13066383361814
224.15073721885682,125.41026071548463
227.8538357543945,122.07251403808594
231.89704147815706,119.11812819480897
236.22378486633303,116.63052352905274
240.79391659259795,114.61314871788024
245.558828125,113.05734374999999
250.42409409046172,111.94978468894959
255.37915512561796,111.24489699363708
260.35600618362423,110.90625606536865
265.3620894885063,110.89104585647583
270.3532462954521,111.19303285598754
275.30123703002926,111.85154418945311
280.18911598920823,112.91588060379027
284.9448651123047,114.42480957031249
289.5345176196098,116.42238740921019
293.866973991394,118.91748809814453
297.86960246801374,121.89496660232543
301.4649457144737,125.36885637283325
304.5175214552879,129.32348360061644
306.9621164488792,133.68604738235473
308.77417868614197,138.33362312316893
309.99716487884524,143.19387969970705
310.68179121971133,148.12869453430176
310.9093864345551,153.11840156555178
310.91,158.12702670281433
310.91,163.12416730513942
310.91,168.1201281729722
310.90999999999997,173.1368760897778
310.91,178.12136717259563
310.91,183.12022449942305
310.91,188.1274273748253
310.90999999999997,193.11910511212628
310.91,198.12983301955973
310.91,203.12788000985017
310.90999999999997,208.13224718555136
310.91,213.13240996178936
310.9623376464844,218.13360900878905
311.2078866577148,223.1218653869629
311.6694069671631,228.0988540649414
312.4412430381775,233.03633583068847
313.5786083984375,237.89947265625
311.36755284905433,240
306.36731398617843,240
301.3723358662776,240
296.37251417627556,240
291.3620610558986,240
256.10476663589475,222.95844920158385
261.0482632446289,222.24176681518554
265.86568658828736,220.93765719413756
270.50350097656246,219.03418701171876
274.8471331834793,216.58541726350785
278.90262817382813,213.6613555908203
282.55836137771604,210.26514935493466
285.6271594238281,206.3201837158203
287.82,201.85084838867186
287.82,196.839371172376
287.82,191.8416209602356
287.82,186.84290648330003
287.82,181.84153518915176
283.3676312711835,181.29
278.3779054219415,181.29000000000002
273.3743647813844,181.29000000000002
268.37218262576965,181.29
263.3679941425845,181.29
258.37975512504573,181.40948625326155
253.41784591674804,182.03790828704834
248.59218444824222,183.30333724975583
244.01369082450867,185.3115942931175
239.86323242187498,188.10202880859376
236.28372650146483,191.57250335693357
233.4564307212829,195.6914201927185
231.71948692321777,200.35283836364746
231.2242267513275,205.31522369384766
231.85338446617124,210.26889556884765
233.76783142089843,214.87509765624998
236.99605224609377,218.6513549804687
241.25555487632752,221.24611483573915
246.04224761009215,222.63339198112487
251.02622862815858,223.1167931652069
#
365.0502987289429,113.20343720436095
365.4830359231681,118.18255357937888
365.9156235788017,123.15994934877381
366.34819853283466,128.13719897231087
367.26520881652834,131.1734962463379
370.1959125518798,127.13812637329099
373.53146013259885,123.41175144195554
377.2506716918945,120.07576721191404
381.33407793045046,117.1769284439087
385.71592146873473,114.77959874153137
390.359968316555,112.95161978960037
395.2074661922454,111.7056702899933
400.1450155258178,111.02830432891845
405.1373359870911,110.86505105018617
410.14749147415165,111.12115418434144
415.0869063615799,111.8067139840126
419.94101494312287,112.99257686853409
424.6228217315674,114.73961887359619
429.0399636507034,117.08970014810562
433.0785702705383,120.03464280128479
436.6454403972626,123.51242648124695
439.6674638366699,127.49611618041993
442.09783488273615,131.8732682323456
443.9694266891479,136.50772258758545
445.3492381548881,141.29714922666548
446.31521963834757,146.19997153043747
446.9287803149223,151.16933787107467
447.2426168745756,156.15627249896528
447.31,161.15357033908367
447.31000000000006,166.15739913666272
447.31,171.1524045216164
447.31,176.15728832244875
447.31000000000006,181.14667032812724
447.31,186.15423970368008
447.31,191.16340990714613
447.31,196.16002331778597
447.31,201.15231185138225
447.31,206.15734838657445
447.31000000000006,211.1602744720783
447.31000000000006,216.14793917340228
447.31,221.15830334265135
447.31,226.14947252981364
447.31,231.14774276796612
447.31,236.15299754397827
446.1496421708912,240
441.15530218861994,240
436.15873344593683,240
431.1547610235214,240
426.15809030354023,240
424.23,236.92951723271983
424.2300000000001,231.93251712337135
424.23,226.92747896787972
424.23,221.91946075656597
424.2300000000001,216.9316335332324
424.23,211.91860885101747
424.23,206.91765703750687
424.23,201.91919152608776
424.22999999999996,196.92558876347874
424.23,191.9210201362198
424.2300000000001,186.92565785527228
424.23,181.92346472496774
424.23,176.91695543408395
424.23,171.91518234817312
424.23,166.9246691629957
424.23,161.91354690836744
424.152912735939,156.9261535382271
423.72793922424313,151.93682941436765
422.8175263404846,147.02267819404602
421.2416259765625,142.30102783203122
418.74609527587893,137.9817427062988
415.1863684082031,134.47670028686522
410.8704615020752,131.99948370933532
406.1069965362549,130.4837150478363
401.1606791877747,129.7558610892296
396.1730832290649,129.62816864013675
391.18924259185786,130.11153045654297
386.34948215484616,131.30775848388672
381.75231449127193,133.26043182373047
377.52719442367555,135.92572249412535
373.73095092773434,139.19164978027345
370.45380950927733,142.96626571655273
367.7259216308594,147.15192810058593
367.51,152.09356858146842
367.51,157.08659666776657
367.51,162.08858668271452
367.51,167.09187147043178
367.51,172.08998845253845
367.51,177.0809473057516
367.51,182.08373467351595
367.51,187.08663520271423
367.51,192.07734320345799
367.51,197.08573391020764
367.51,202.09283585305732
367.51,207.0765758230118
367.51,212.08650973651768
367.51,217.08534047368448
367.51,222.0905803343776
367.51,227.0951906280918
367.51,232.07694253414405
367.51,237.08014702420684
365.42019232198595,240
360.4253207149543,240
355.42400428771975,240
350.4263494731486,240
345.42699560871347,240
344.42,235.99570238664745
344.42,231.00784438428235
344.42,226.00663748038932
344.41999999999996,220.9996178708694
344.42,216.00081967189908
344.42,211.00888688351114
344.42,205.9990895343435
344.42,201.00765725364909
344.41999999999996,196.00737366080284
344.42,190.99848737481952
344.42,185.99554453074234
344.42,181.00821292583132
344.42,175.99634599835844
344.41999999999996,171.01097359798877
344.41999999999996,166.01057732674525
344.41999999999996,161.00211968458024
344.41999999999996,155.99609981680987
344.42,151.00806909195234
344.42,145.99842675659602
344.42,141.00719653495617
344.42,135.99742068309132
344.42,130.99794838716042
344.42,125.99729137727991
344.4200000000001,121.01237327522833
344.42,115.99617683654651
346.6082403683477,113.2
351.62088944531746,113.2
356.6143514723075,113.20000000000002
361.62021693093703,113.2
#
475.55000019475824,178.94253191471097
475.640056180954,173.95316314697266
475.9230507183075,168.95186920166014
476.4154398989677,163.99089881896973
477.1430439829826,159.03389625549318
478.1247996973991,154.12788917541502
479.38247009992597,149.29259254455565
480.93849133253093,144.5483310699463
482.8159726214409,139.91603919982913
485.0278240966797,135.43728515625003
487.5943317699432,131.1304458618164
490.49629949569703,127.08300595045091
493.80168174743653,123.32735453605653
497.50981313705444,119.963100001812
501.58139251708985,117.08451305389404
505.994530544281,114.73472361326216
510.6587560081482,112.95759920835494
515.5214364624023,111.7412665939331
520.4547762107849,111.0628152346611
525.4573368453979,110.86039100646973
530.446409111023,111.09662147521972
535.3995502853394,111.81419654846191
540.2374291992188,113.07115722656249
544.8890147018433,114.91209388732909
549.2626983642579,117.32331481933593
553.2873765945435,120.25596920013427
556.9371059036255,123.68254238128662
559.7,126.1507735145837
559.7,121.16005709823804
559.7,116.169043379426
559.7000000000002,111.15478160526021
559.7,106.15689598864759
559.7,101.15930208808291
559.7,96.15222039254499
559.7,91.15645906879217
559.7,86.15186138808727
559.7,81.15927533738198
559.7,76.16070824087961
559.7,71.15222447074134
559.7,66.16193984687328
559.7,61.163501701140774
560.7214990228415,57.19
565.7338514513522,57.190000000000005
570.7330161844939,57.190000000000005
575.7298296737671,57.19
580.7318039655686,57.19
582.7800000000001,60.13555283134803
582.78,65.13320566012902
582.78,70.13591627984464
582.78,75.13505886518163
582.78,80.13481052476567
582.78,85.14144921523224
582.7799999999999,90.13675660861976
582.78,95.13770768822343
582.7800000000001,100.13744169689471
582.78,105.13159093018457
582.78,110.14293254762595
582.78,115.14208651860514
582.78,120.13481729555609
582.78,125.13178041635314
582.78,130.1308959351228
582.7799999999999,135.1487038262818
582.7799999999999,140.13697193036717
582.7799999999999,145.14795512137755
582.78,150.13471675996698
582.78,155.13410199079874
582.78,160.1492868223795
582.78,165.14968989785086
582.78,170.1375083356583
582.78,175.14596694452405
582.78,180.141168756485
582.78,185.13548621384794
582.78,190.13695497297613
582.78,195.13335112773075
582.78,200.13567680004573
582.78,205.144103280082
582.78,210.1450359317347
582.78,215.13135516050392
582.78,220.13175941179944
582.78,225.13675219445122
582.78,230.13895483286382
582.78,235.13384515060315
582.6389598977566,240
577.6361564662332,240
572.6407219642144,240
567.6381047737598,240
563.6944131930172,238.75055824503303
562.8429771892168,233.81602765051645
561.9944505061396,228.89835813781244
560.9641069602967,224.7736239433289
557.8576180267333,228.6853002166748
554.3198801231384,232.22183179855344
550.3675050926208,235.3005779838562
546.0681163597108,237.84526762008664
541.4960632610321,239.81520995140073
536.6970276927948,241.21254797935484
531.7604692077637,242.0677537536621
526.7791453051567,242.4344941878319
521.7740063881874,242.37568553447724
516.8068238091469,241.89003421306612
511.9014850831032,240.9234475660324
507.1298805451393,239.43165297985075
502.57263065338134,237.3936089324951
498.2961818146706,234.81190200328825
494.36709354400637,231.7267144012451
490.8187587070465,228.19573286056516
487.6742535400391,224.31052917480469
484.90825355768203,220.1458742403984
482.52789510965346,215.74992478132248
480.5356700229644,211.174221906662
478.90988437652584,206.43629589080808
477.6420899063349,201.60991690814495
476.6996087741852,196.70810236930848
476.05337723016737,191.74094923734663
475.680276222229,186.76730541229247
475.5505290436745,181.75767796278
498.666059961319,183.59930908203125
498.93646668434144,188.59022705078124
499.5414231204986,193.55415283203124
500.5378797554969,198.45413879394533
501.985588839054,203.2317266845703
503.9475479507446,207.825283203125
506.4746754550934,212.14745361328124
509.64655948638915,215.99995679855346
513.5114996337891,219.1456637573242
517.9435223770141,221.45159254074093
522.7286594009399,222.90175230026244
527.6630372619629,223.59549980163575
532.6765380096435,223.6729613018036
537.6422351074218,223.14314376831055
542.47625,221.87796874999998
546.9917729949951,219.78307948112487
551.0614300537109,216.87832519531247
554.6199316024781,213.37436065673828
557.635577993393,209.39769660949707
559.7000000000002,204.95847456637304
559.7,199.95463575329632
559.7,194.95924348036934
559.7,189.96299681466073
559.7,184.95206330586225
559.7,179.9643158691615
559.7,174.9667239642935
559.7,169.96087002414805
559.7,164.95884134918452
559.7,159.96430107322988
559.7,154.9487254333496
559.7,149.96490559612866
558.7946095371246,145.20279039382936
555.8785333633422,141.15588325500488
552.422192993164,137.53646606445312
548.4808990478516,134.45880004882815
544.1041884708404,132.07389548301697
539.3675699234008,130.52010768890383
534.4204748630523,129.74522505760194
529.4325123596192,129.64535446166994
524.4684381103517,130.22002136230472
519.6653225040437,131.60889994621277
515.233995513916,133.88788986206055
511.3481769657135,137.02357172966003
508.126909570694,140.84561915397643
505.5632113265991,145.12141071319581
503.4799581050873,149.68070912361145
501.83696990013124,154.39728283882138
500.5828920149803,159.23923569917676
499.6783036708831,164.1442455768585
499.076321618557,169.10646359682082
498.7406330275535,174.10960595369338
498.64,179.09651716232298
#
709.1050617218018,258.05
704.1101409971715,258.04999999999995
699.1042884524353,258.05
694.1134381369804,258.05
689.1141868002154,258.05
684.1091153880838,258.05
679.1071005749353,258.05000000000007
674.1055872903206,258.05
669.104119083602,258.05
664.1018561120331,258.05
659.1063258621283,258.05
654.119022675138,258.05
649.1189166128892,258.05
644.1056660157699,258.05
639.1021895291819,258.05
634.1181872155169,258.05
629.1030390845402,258.05
624.1032550246339,258.05
619.1145204274357,258.05
614.1044064438343,258.05
609.1017345513218,258.05
604.1138826527633,258.05
600.95,256.20315878791735
600.95,251.20033175917342
600.95,246.21178604960443
600.95,241.21233904883266
604.7360518991948,240
609.7324353856407,240
614.7309025072493,240
619.7436953737284,240
624.7363541371305,240
629.739583047654,240
634.7461056590803,240
639.7309029528312,240
644.7479209400154,240
649.7496380720544,240
654.7329310155078,240
659.7382109630295,240
664.7465624678205,240
669.7366544499084,240
674.7388876831532,240
679.733359556105,240
684.7356603493355,240
689.7419568161853,240
694.7471870899201,240
699.7477718405426,240
704.736039352417,240
709.11,240.63182541402057
709.11,245.63688620505854
709.11,250.63023494062946
709.11,255.63442596299575
#
756.7999999999998,82.62557020187377
756.8,87.61833282956388
756.8,92.61187371884007
756.7999999999998,97.618848650367
756.8,102.61185474512634
756.8,107.62671449955553
756.8,112.61643021821976
761.2214665603196,113.19999999999999
766.2283231149613,113.19999999999999
771.2291096230038,113.2
776.2252068268695,113.19999999999999
780.8300000000002,113.58951392054558
780.83,118.59022619811819
780.8299999999999,123.59678283408284
780.8300000000002,128.59108850521966
777.5516669014306,130.31
772.5434165793914,130.31
767.5498812615871,130.31
762.55578372702,130.31
757.54552054286,130.31
756.8,134.55898264482616
756.8,139.5585254702135
756.8,144.5658103578142
756.8,149.5640195319211
756.8,154.5644427231513
756.7999999999998,159.55385242894553
756.7999999999998,164.55533304195998
756.8,169.56620955833438
756.8,174.56558497177
756.8,179.55923952530372
756.8,184.5649287807639
756.8,189.56445185882768
756.8,194.5650810984671
756.8,199.56540058543908
756.8,204.55988513827324
756.864308643341,209.55754623413088
757.61298828125,214.49296875
759.7348876953125,218.9827734375
763.6229388427736,222.06699783325195
768.4131536865234,223.38889724731445
773.3934338378906,223.23189025878904
778.2608563232423,222.08413635253905
779.7593364946545,226.03793552309278
780.7065254151821,230.95089576005935
781.6501262187958,235.84524484634397
779.325581665039,239.33806194305419
774.6336157226563,241.05736251831055
769.75806640625,242.078994140625
764.7743008422851,242.458331451416
759.7819799613952,242.21174665451048
754.8685925292968,241.31397338867185
750.1550923871994,239.6525505399704
745.8240194511413,237.18082471847532
742.0237579345703,233.9434087371826
738.9387335205078,230.0092003631592
736.6918457031251,225.5611999511719
735.173486328125,220.7979089355469
734.2522589111328,215.87220207214355
733.806647491455,210.90771436691284
733.72,205.89797242090108
733.72,200.9012268544198
733.72,195.89843495459064
733.7199999999999,190.90172680562392
733.72,185.9051302481932
733.72,180.91212321551518
733.72,175.9019421800229
733.72,170.9045696990393
733.72,165.90340672961116
733.72,160.90437792394079
733.72,155.90644123371345
733.7199999999999,150.9039643230767
733.72,145.91325766789174
733.72,140.91412614163215
733.72,135.9089471639134
733.72,130.90738915698603
729.3207142180204,130.31
724.3187618678809,130.31
719.3100672489404,130.31
714.3135020297765,130.31
713.5599999999998,126.05857786228879
713.56,121.06641718799482
713.56,116.06382930949331
715.6983870977162,113.2
720.6960325068235,113.2
725.6943075323104,113.20000000000002
730.7018443059922,113.2
733.72,111.21712290670722
733.7199999999999,106.22266079414635
733.72,101.22366921154317
733.7200000000001,96.23319416326937
733.7199999999999,91.21961385160685
733.72,86.2178380580619
735.1117812197656,82.62
740.1184169010073,82.62
745.1247683763503,82.62
750.1243077230454,82.62
755.1215521425754,82.62
#
861.9135353176297,242.45999973714353
856.9259108042717,242.29678084373472
851.9418046092987,241.78034145355224
847.038466193676,240.8796269130707
842.213938434124,239.55570502281188
837.5326851940155,237.78781642913816
833.0600940293073,235.5747572493553
828.832016248703,232.92131252288817
824.8773276901245,229.84362899780274
821.2494362926483,226.40213527679444
817.9534288024902,222.6466249847412
814.9899083614349,218.62011674404144
812.3840682601929,214.35347784042355
810.1548213100432,209.888952460289
808.3003217220305,205.25525048732757
806.8125039577484,200.48525746822355
805.6773437499999,195.61585937499999
804.8735502028464,190.67508531928064
804.3774944210052,185.6925340414047
804.1634239196777,180.69922996520998
804.15,175.7112200832367
804.2076378554106,170.7041316485405
804.5384095287324,165.72241344451905
805.1865893429516,160.7609811472893
806.1744584941862,155.8588285446167
807.5222115969657,151.04055560112002
809.2384590411185,146.35066866874695
811.3274911379813,141.8180214214325
813.7870916748046,137.46780029296875
816.6084226870536,133.32145953178406
819.7450128436088,129.4321133708954
823.1717516231537,125.79463240623473
826.8667059874533,122.43834232091902
830.841987876892,119.41146755218506
835.0950142574309,116.77163283348084
839.5831957626342,114.58565883636473
844.2853486722706,112.88729366719723
849.1357049179076,111.70554592132568
854.1007903075217,111.03675159215928
859.0844042277334,110.86268879652023
864.0864702105523,111.06023604154586
869.0590488314627,111.60357210874558
873.9634235835075,112.54049782514572
878.7590855288505,113.92102701902388
883.4037332987784,115.79738651990891
887.7867603182792,118.18238222837448
891.8508557772636,121.08489565610886
895.5233887362481,124.47084658384324
898.764714050293,128.27255988121033
901.5961764526367,132.39182799339292
904.0125964355468,136.786894493103
905.9939794921875,141.3727684020996
907.5619310760499,146.10729587316513
908.747587814331,150.96600902318954
909.5781230926514,155.90237859487536
910.0851583862305,160.86637991905212
910.3053223991394,165.86699298322202
910.32,170.86788286319003
910.32,175.85796787241475
910.3200000000002,180.8592714691162
906.4348365553445,181.99
901.4375020048581,181.98999999999998
896.4454299422212,181.99
891.4456001468002,181.98999999999998
886.4412368379071,181.99
881.4448120336016,181.99
876.4420838561025,181.99
871.4436029113664,181.99
866.4451405110424,181.99
861.4530509308795,181.99
856.4490577009317,181.99
851.4464381956035,181.99
846.4361777286258,181.99
841.4511983035504,181.99
836.4485621654169,181.99
831.4543340230523,181.99
827.7232919311523,183.50409080505375
828.0538663291932,188.48717973232272
828.7665365600585,193.4336812591553
829.9132466697693,198.30415189266205
831.5371181488038,203.02962530136108
833.6725049400329,207.54779275417326
836.3272890472413,211.78022466659544
839.5104870033264,215.61849776268005
843.2913576698304,218.89414824485775
847.5819362831114,221.43291655540463
852.2631192016601,223.17276351928706
857.1662587928772,224.13332121849058
862.1600498032568,224.4096488237381
867.1481435489654,224.23409334182736
872.1247578454017,223.69886806964874
877.0391889286041,222.744965839386
881.8292117691041,221.31329109191893
886.441287689209,219.39714797973633
890.841908864975,217.03956044197076
894.9694616603852,214.22589314460754
898.4728070005774,213.03211807191371
901.0491801987961,217.31655243702232
903.6198854252696,221.59156112849712
906.2011871470138,225.88419148616492
903.9373092460631,229.4376978588104
899.892020263672,232.3822186279297
895.5838908195495,234.91597064018248
891.0960144042969,237.08126647949217
886.4326359558105,238.9147040939331
881.6325498580932,240.31464434623717
876.7409442424773,241.31907362699505
871.7840473461149,241.98231110334393
866.8084147644042,242.34862438201904
858.2967023944855,129.02023341178895
853.3242559814453,129.5225262451172
848.5689317798614,131.0387785625458
844.2393022537232,133.51678081512452
840.4512907886505,136.76853381156923
837.2074142456055,140.56768718719482
834.4623580932616,144.74967113494873
832.2400119018554,149.21737712860107
830.5198723602294,153.92286982536314
829.2842956542968,158.75697799682618
828.6456231689453,163.66882362365723
833.4460076595843,163.95
838.4479287659213,163.94999999999996
843.4578356877287,163.95
848.4533934296467,163.95
853.4506132535296,163.95
858.4553486884436,163.95
863.4480126953124,163.95
868.4481817847886,163.95
873.4474662348068,163.95
878.4606394797281,163.95
883.4611108848894,163.95
887.23,162.72702228426934
887.1269480133057,157.72268241882324
886.5076598548889,152.7640641593933
885.25567237854,147.92850395202635
883.3146337890626,143.3303076171875
880.6751555824279,139.0814927482605
877.3461711311339,135.36226442337036
873.2972586059569,132.45768096923828
868.7053421211242,130.47811876296998
863.8502333259582,129.38631441116334
858.8548486328124,129.0222314453125
#
979.23490899086,159.95148258209227
981.7291253149347,155.6238552977238
984.2201817007805,151.301710711373
986.7191770335264,146.96579153663478
989.2173169286395,142.6313566017372
991.7090002534385,138.30812423559254
994.2122066655571,133.9648985646956
996.7068625619108,129.63650859387943
999.20465715399,125.3026727821678
1001.6995029708556,120.97395328693092
1004.198302153796,116.63837444484234
1007.2035631465913,113.2
1012.2113266969169,113.2
1017.2193562354148,113.2
1022.2072543345579,113.20000000000002
1027.2157081301511,113.2
1032.2023199985924,113.2
1030.8894637763688,116.61555120889098
1028.1482842573268,120.79430043923203
1025.4058336907065,124.97498729863146
1022.6647219859567,129.1536331505111
1019.9181617377862,133.34058495115022
1017.1839200203596,137.50875795583414
1014.4379408282394,141.69482397445645
1011.6916227171314,145.8814066529507
1008.9517519380807,150.05816079461076
1006.2122057653032,154.23442009519786
1003.470664231274,158.41372119375447
1000.7226151275635,162.6029426574707
997.9806551285088,166.78288167864085
995.2445723782829,170.95386121764312
992.4978536738153,175.14105457456316
994.2592770935735,179.32363266425673
997.0080268058664,183.4889957034524
999.7584719657898,187.65692796707154
1002.5173286381705,191.83760675429622
1005.267925606668,196.00576906353237
1008.0219687573845,200.1791536016157
1010.7766266925307,204.35346976338587
1013.5372488305933,208.53682387803855
1016.2843180887255,212.69964041341154
1019.0436739555356,216.88107566311663
1021.7945756400848,221.04969972882827
1024.5490569633841,225.22374825893456
1027.3031553508918,229.39721650099673
1030.0602115476418,233.57516690789197
1032.8069453664357,237.73747512975243
1031.9963963210582,240
1027.0116689284332,240
1022.0096066833473,240
1017.0071036708355,240
1012.0012227587215,240
1007.4116472464057,239.3039705732651
1004.8770426150877,234.98378565224584
1002.3481414637437,230.6733222033153
999.818367269775,226.36137066999683
997.2891571037937,222.05038051155165
994.7581446702418,217.73631842264177
992.228327341698,213.4242933672681
989.6932369565965,209.10328048825264
987.161817124486,204.78852399632336
984.6383647106554,200.48734781585023
982.1096514810715,196.1772046759515
979.5745844364167,192.2836924266815
977.040930147192,196.60072229097364
974.5159447933964,200.90298137406728
971.9854532375324,205.21462233647617
969.4548944818941,209.52637779889133
966.9210902036118,213.84366322576912
964.3899672063084,218.15638008537672
961.8549447161889,222.47574119278607
959.3311103515327,226.776039134413
956.7951120851934,231.09706284239888
954.2672226560117,235.40427010655404
951.7351968605817,239.7185252211988
946.9004520538077,240
941.9045809259638,240
936.9006601797416,240
931.9053169921041,240
926.9023063254356,240
926.4762248512646,237.5362558977533
929.2284458899152,233.3666182570654
931.9794708209298,229.1987927293405
934.7431051428686,225.01186387005728
937.4942448460195,220.84386446159658
940.2445684207976,216.67710149437187
943.0004026595262,212.50198982567636
945.7570948874951,208.32557829618452
948.5098550724448,204.15512384439353
951.2698832262723,199.97365835962992
954.0192406540484,195.80835911310567
956.7691758048921,191.64218461135462
959.5286014459098,187.46163193848224
962.2858560973197,183.28436833282467
965.0328448981978,179.12265757564455
966.5302514795586,174.94022284317762
963.784605231132,170.7556817693723
961.0453492826596,166.58087992276995
958.2965301270847,162.3915031348617
955.5633206528286,158.225916502974
952.8145438468719,154.03660425860147
950.0703416880965,149.85426407009362
947.328089115605,145.67489517618964
944.5890497967443,141.5004234870168
941.8448928209227,137.3181521602299
939.1005495991254,133.13559698262435
936.3615248878597,128.96114755636373
933.6136535423622,124.77321529183536
930.8703931758756,120.59231045521156
928.1309449239773,116.41721552584787
927.1805090146325,113.2
932.175011072692,113.2
937.1701115102577,113.2
942.170312135464,113.19999999999999
947.1808574010431,113.20000000000002
952.1681336212159,113.2
954.8749761856348,117.14643182106316
957.3548958144337,121.50586948432029
959.8195785692905,125.8385223270685
962.299045109005,130.1971635074087
964.7623924392461,134.5274688142538
967.243158748002,138.88839485175092
969.7113054662373,143.22713697749074
972.1802400350932,147.56726406169008
974.6572969812155,151.9216694301367
977.1316380923334,156.271300646523
#
1087.39,82.62557020187377
1087.39,87.61833282956388
1087.3899999999999,92.61187371884007
1087.39,97.618848650367
1087.39,102.61185474512634
1087.39,107.62671449955553
1087.39,112.61643021821976
1091.8096265825586,113.19999999999999
1096.8143995514513,113.19999999999999
1101.8131049997733,113.2
1106.807123095356,113.19999999999999
1111.41,113.60607018455862
1111.41,118.60196549635148
1111.41,123.59678283408284
1111.4100000000003,128.60687476158142
1108.1204860278965,130.31
1103.1100441895799,130.31
1098.1179031524482,130.31
1093.112871492617,130.31
1088.1219862328844,130.31
1087.3900000000003,134.58659620141844
1087.39,139.57765136812668
1087.39,144.58829677381874
1087.39,149.58882072054084
1087.39,154.57764597877355
1087.39,159.58131275051971
1087.39,164.5833753639669
1087.39,169.5803043525094
1087.39,174.57954066864824
1087.39,179.5864299406481
1087.39,184.5779177186592
1087.39,189.58862458377845
1087.39,194.5866673564911
1087.39,199.58318409108588
1087.39,204.58249937971357
1087.4550885009767,209.57358398437503
1088.2075616836546,214.5180853271484
1090.329807167053,218.99918884277344
1094.2223316955565,222.0758428955078
1099.022587890625,223.39113281249996
1104.0139282226562,223.22652587890627
1108.862994995117,222.07898696899412
1110.3513362667036,226.048308111229
1111.296525415182,230.95089576005935
1112.2460550265014,235.87599689155817
1109.901447753906,239.3450028991699
1105.2236157226562,241.05736251831055
1100.3285031890866,242.08179050445554
1095.3446213531495,242.4585116958618
1090.3464404296874,242.20890136718748
1085.4352535820008,241.3078693962097
1080.7345847892761,239.6477779960632
1076.395399169922,237.16773315429685
1072.5974927139282,233.9267990112305
1069.5250060367587,230.0092003631592
1067.2657019901276,225.53700187683108
1065.7518352150917,220.78411359786986
1064.832898645401,215.87220207214355
1064.385923461914,210.8909326171875
1064.2999999999997,205.89797242090108
1064.3,200.9012268544198
1064.3,195.89843495459064
1064.3,190.90172680562392
1064.3,185.89234902355003
1064.3,180.88520355338667
1064.3,175.9019421800229
1064.3,170.8904909387813
1064.3,165.90340672961116
1064.3,160.8905483926969
1064.3,155.89307303427486
1064.3,150.89132114371984
1064.3,145.89007531166078
1064.3,140.89396947510772
1064.3,135.89341540436232
1064.3,130.88544660687447
1059.8779969878494,130.31
1054.8739655904471,130.31
1049.8837446484367,130.31
1044.891046433896,130.31
1044.15,126.03656072989106
1044.15,121.04142867730698
1044.15,116.0445752938278
1046.3064029693605,113.19999999999999
1051.310872143507,113.20000000000002
1056.3072454879994,113.19999999999999
1061.30509936912,113.2
1064.3,111.19356079101563
1064.3000000000002,106.18433028429746
1064.3,101.20174278587103
1064.3,96.18864600500558
1064.3,91.19924926059787
1064.2999999999997,86.18776305764914
1065.7269578126259,82.62
1070.731852287054,82.62
1075.726620496332,82.62
1080.726909063987,82.62
1085.7294241428376,82.62
#
1166.2557941150665,183.98
1161.2640341659333,183.98
1156.266682867557,183.98
1151.2619787002611,183.98
1146.2600611919352,183.98
1143.17,182.0628211896587
1143.17,177.06933588452637
1143.17,172.06697138316346
1143.17,167.07037532806393
1143.17,162.07033736658238
1143.17,157.07519564316726
1143.1699999999998,152.07654525027363
1143.17,147.06927499523633
1143.17,142.0797275337635
1143.17,137.0784844099439
1143.17,132.0657819688994
1143.17,127.07869098805429
1143.17,122.06798420480452
1143.17,117.06799269194713
1143.17,112.07317505452998
1143.17,107.06305242471397
1143.17,102.06639418296515
1143.17,97.06665843208945
1143.17,92.07262084564033
1143.17,87.06642238934407
1143.17,82.0682918569936
1143.17,77.07717756211758
1143.17,72.0718681685347
1145.4896765876376,69.38
1150.4758203125,69.38000000000001
1155.4755330557912,69.38
1160.4781066315459,69.38
1165.4785236386397,69.38
1166.2600000000002,73.59458666622638
1166.26,78.60067133879828
1166.26,83.6047571625281
1166.26,88.5937527516752
1166.26,93.59616091752147
1166.26,98.59493752896785
1166.2600000000002,103.60854890860617
1166.26,108.59839783858087
1166.26,113.60537714173086
1166.26,118.60419738097232
1166.26,123.59669298408014
1166.26,128.61019293346442
1166.26,133.61054730558723
1166.26,138.60475836635567
1166.26,143.59647707660667
1166.26,148.6024699513281
1166.26,153.60772586547654
1166.26,158.59987365443564
1166.26,163.6073798243412
1166.2600000000002,168.5988960598483
1166.26,173.60789259850978
1166.26,178.60631315886974
1166.26,183.6093683439493
1161.7667006572522,240
1156.7552877556604,240
1151.7630811699364,240
1146.7583884494263,240
1143.17,238.593585388083
1143.17,233.59255878567697
1143.17,228.587712572047
1143.17,223.5896714244783
1143.17,218.58112476641313
1145.6759289955908,216.08999999999997
1150.6735691080055,216.09
1155.6751695898993,216.09
1160.672468715366,216.09
1165.6726977325045,216.09
1166.38,220.37842821754748
1166.38,225.38557089421667
1166.38,230.37824100768194
1166.38,235.38991149902344
#
1188.7662349188329,268.8279390794039
1193.4047561073303,266.97422917366026
1197.744939956665,264.498028755188
1201.6275244140625,261.35858642578125
1204.8918108558655,257.5958119678497
1207.4568891739843,253.30330279827118
1209.4020080947876,248.70109855651856
1210.8247146701813,243.91377317428586
1211.7832065200803,239.00903373718262
1212.3377030277252,234.0413072013855
1212.5455807590483,229.0322363090515
1212.5499999999997,224.04446914547586
1212.55,219.0448182191327
1212.55,214.04853118658068
1212.55,209.04425541030707
1212.5500804138183,204.04207962036133
1212.7790901732444,199.04871983766554
1213.4922941493985,194.10168972969052
1214.745905370712,189.27154072761533
1216.58484375,184.62203125
1219.0185784530638,180.26484687805174
1222.0942834091186,176.32491157531737
1225.751460638046,172.90212923049924
1229.8511318874357,170.04813707351684
1233.9381634521483,167.73472045898438
1229.506745519638,165.45680517196658
1225.402533226013,162.6000368499756
1221.7791005682943,159.16142545223235
1218.75699385643,155.19080709457398
1216.3803564357756,150.79243250846864
1214.6085937499997,146.12296875
1213.4134948897358,141.26757660627365
1212.7490292263028,136.31844294548034
1212.5500000000002,131.32584671020507
1212.5500000000002,126.31617591640446
1212.5500000000002,121.3124314674735
1212.55,116.32884500503539
1212.55,111.3262300300598
1212.5439255142212,106.31870624542236
1212.3270096206663,101.31604572296143
1211.7650342965123,96.36045249223709
1210.8005428409574,91.45720799446106
1209.377557764053,86.67068226814268
1207.441357460022,82.06413990020752
1204.8918108558653,77.75956851005554
1201.6275244140625,73.97428466796875
1197.7449399566651,70.83454296112059
1193.4047561073303,68.37848162651062
1188.763479003906,66.55006309509278
1190.4186089879274,61.82259807823226
1192.0675616836547,57.11277694106102
1194.0249723911286,52.98306921720504
1198.792851715088,54.4940824508667
1203.4624301528931,56.27212481498718
1208.0032398986814,58.35389995574951
1212.3761249637603,60.781126487255094
1216.5180851078032,63.590169227123255
1220.33774143219,66.79553942680359
1223.7768463134767,70.43085861206055
1226.7369745254516,74.4585984802246
1229.2539594864845,78.77712302207946
1231.3406122207641,83.3252976989746
1232.985488188267,88.03198966026305
1234.212905883789,92.88200927734374
1235.0397070407869,97.80612606048584
1235.5005019402504,102.78272200584412
1235.6300000000003,107.77960184127093
1235.63,112.78758685212583
1235.63,117.78775554686784
1235.63,122.78196184102912
1235.63,127.78737598132341
1235.6446846008303,132.7848171520233
1236.005803833008,137.77270153045654
1236.958022003174,142.6740848827362
1238.6716827392577,147.36664073944092
1241.2983575439453,151.6178324508667
1244.8867473030089,155.0526285457611
1249.3005676269531,157.39338806152344
1254.1142329597474,158.67160056114196
1259.1028229522706,159.12787075042723
1260.1299999999999,163.11454435100777
1260.13,168.10826154515146
1260.13,173.10891264153645
1258.383009033203,176.40618896484372
1253.436934375763,176.96930294036866
1248.6519924926758,178.40562927246094
1244.3473937988283,180.92757568359377
1240.9092805480957,184.52397540092468
1238.4201814270018,188.85453555107117
1236.8091096496582,193.58259203910828
1235.9325685501099,198.5037368083
1235.6336711502076,203.49015303373335
1235.63,208.48984079271554
1235.63,213.495538547039
1235.63,218.49397528249767
1235.63,223.50022155825047
1235.6293337082864,228.49046468019486
1235.450536978245,233.48120667696
1234.9300455689433,238.45915795564648
1234.0340722656251,243.384345703125
1232.7379711914064,248.20288330078125
1231.0138549256326,252.89784219026564
1228.856888818741,257.4078989124298
1226.278409051895,261.6815462207794
1223.2410999393464,265.66116040945053
1219.7508766174317,269.22325496673585
1215.864689979553,272.3820056056976
1211.695430612564,275.1262166571617
1207.2905934143064,277.5027398300171
1202.727349243164,279.537254486084
1198.0441430664061,281.27134704589844
1193.4597451782226,282.371140794754
1191.8203032201527,277.6474986530654
1190.1806756979227,272.9233218546398
#
